496
175
245
221
247
252
216
226
202
205
241
200
188
190
254
220
176
262
263
250
215
233
263
237
221
185
232
237
243
223
244
234
219
221
207
211
206
236
268
239
246
245
223
199
279
212
225
257
250
237
205
260
226
245
218
262
240
221
229
191
171
216
219
227
234
226
209
245
221
238
250
231
243
235
260
259
275
263
250
218
188
181
186
248
204
209
229
216
204
233
196
238
242
243
248
253
205
235
263
244
235
236
246
166
240
207
252
234
215
241
181
208
253
253
197
240
247
261
211
228
199
211
198
249
236
224
220
227
204
213
265
244
207
225
267
235
197
256
220
240
212
236
249
261
249
215
236
202
244
206
202
193
198
204
205
217
235
204
229
244
247
210
232
215
263
269
212
198
183
233
216
208
254
231
264
213
232
227
212
293
211
229
212
237
238
236
229
219
219
217
234
201
252
276
225
236
200
226
187
243
179
201
223
247
208
233
239
179
273
200
235
212
231
200
230
251
202
202
249
226
209
260
241
252
227
228
223
194
234
225
237
262
235
222
197
210
255
199
228
202
238
241
286
228
230
223
189
206
201
188
217
