484
218
272
251
244
232
236
257
250
258
239
236
245
246
233
257
263
244
250
229
264
230
251
260
241
258
216
235
231
224
249
230
260
249
252
244
249
253
243
245
255
236
258
238
252
232
253
233
238
240
276
207
269
243
244
226
237
241
244
240
253
246
229
239
245
231
237
246
236
246
265
236
238
235
252
253
251
237
260
211
241
256
263
231
239
267
252
242
254
227
217
257
249
249
247
211
262
238
224
257
229
224
231
256
218
249
230
242
231
233
255
253
242
244
220
245
233
251
225
260
246
230
247
254
250
256
235
253
237
244
259
265
252
231
239
262
254
242
261
218
239
230
220
239
247
236
241
234
244
227
267
233
243
232
233
271
241
251
259
240
252
258
242
228
251
262
256
266
248
260
238
232
254
239
261
225
263
245
237
242
256
258
232
253
244
247
231
251
248
254
240
237
223
257
249
218
243
240
250
231
244
244
242
255
241
245
243
234
248
246
242
241
252
254
237
244
258
268
262
248
223
235
217
229
249
241
232
249
247
250
244
260
239
238
234
240
249
266
231
233
266
253
244
247
251
262
238
232
255
234
263
