6.8
5.9
5.2
4.9
4.6
4.9
4.8
4.4
4.9
4.9
5.2
5.2
5.2
5.3
4.7
4.9
4.9
5.2
5.5
5.1
5.5
5.2
5.3
4.7
5.4
6.1
5.8
4.2
4.8
5.6
5.3
4.9
5.1
5
4.8
4.8
4.9
5
5.2
5
5
4.5
5
5.2
4.2
5.7
5.1
4.4
4.5
5.3
4.9
4.4
4.9
5.8
5.4
5.2
4.9
5.2
5.8
5.4
4.9
4.9
4.8
4.8
4.9
5.2
4.5
5.6
5.5
5.2
5.1
5.1
4.5
4.1
4.5
4.7
5.3
4.5
4.3
5.1
5.1
5.9
5.6
5
5.7
5.7
5.1
5.6
5.3
5.1
5.1
5
4.6
4.8
5
5.2
4.9
4.7
4.8
4.6
5.7
5.6
4.9
5.6
5.1
5.3
5
5.1
5.1
5.1
5.1
4.9
5
5.5
5.1
4.3
4.4
4.4
4.7
5.1
5.8
4.4
5
5.1
5.2
4.5
5.1
4.5
4.7
5.3
5.9
5.1
4.9
5.3
6.3
5
4.6
5.2
5.3
5
5.3
4.8
5.7
5.2
5.2
5.3
5.2
4.7
4.7
4.6
5.3
5.4
5.7
5.6
5.3
4.5
4.7
4.8
5.6
5.1
5.1
4.9
4.9
5
4.6
4.8
4.8
4.9
4.8
4.9
5
4.8
4.7
5
4.8
4.9
4.4
5.5
5.3
4.5
5.1
4.9
5
5
5.5
4.9
5.2
5.5
5
4.8
4.5
5.2
4.9
5.3
5.2
5.3
5.1
5
5.2
5.1
5.4
5.2
5
5.7
5.1
5.4
4.7
4.9
5.6
5.2
4.9
4.5
4.7
4.6
4.9
5.5
4.9
5.2
5.1
4.7
5
5.2
5.8
5.4
4.8
5.1
4.7
5.1
5.2
5.4
5.4
5.4
5.4
5.6
5
5
5.1
4.5
4.4
5.4
6
5.4
4.8
5.1
4.9
4.8
5.5
5.2
5.4
4.9
