386 915 813 163 519 802 660 632 263 233 514 829 901 896 756 879 740 497 653 612 898 556 599 944 637 348 234 162 700 562 312 8 685 295 38 306 296 169 32 143 698 195 76 182 19 642 659 948 914 576 524 341 114 83 343 877 34 358 492 783 943 3 893 747 726 978 133 984 874 744 168 581 45 544 805 282 449 780 950 132 625 
932 749 244 160 48 424 507 423 682 103 443 412 502 928 183 85 526 418 501 435 759 929 399 326 16 860 291 976 58 433 601 70 447 641 25 851 565 81 678 421 55 203 405 153 983 251 156 416 815 310 152 383 693 761 745 304 243 662 489 760 236 649 966 29 266 988 696 969 17 573 229 225 951 970 380 120 12 190 331 791 276 920 422 551 505 142 327 237 261 673 586 88 930 887 790 680 439 411 712 148 92 577 101 198 200 611 661 62 880 146 277 61 345 607 1 730 789 448 883 222 923 852 346 940 462 631 288 861 644 702 104 91 332 173 520 139 704 297 706 500 522 550 768 977 351 31 936 648 994 672 267 188 333 894 763 456 
762 925 348 612 5 858 485 842 20 674 245 881 638 113 427 254 437 655 314 956 544 93 593 847 212 344 783 608 36 453 701 772 336 483 353 284 313 281 690 122 862 473 77 64 831 746 420 347 235 112 538 587 409 999 232 523 206 825 182 247 666 240 147 504 997 897 784 919 199 119 739 710 817 75 90 169 707 343 834 964 506 786 136 665 876 
0 633 360 396 40 417 945 239 547 742 316 26 249 503 471 267 387 94 553 895 41 718 780 660 201 238 424 257 807 877 100 802 541 556 620 299 521 152 969 682 366 988 106 400 451 51 425 796 463 601 321 975 954 510 522 792 716 803 291 126 198 815 259 72 295 586 35 731 439 69 450 83 771 923 176 231 74 839 435 146 167 883 25 423 31 643 319 289 527 987 832 866 874 926 887 607 32 717 
879 897 310 78 639 826 494 221 97 367 225 843 691 778 13 854 124 758 461 514 393 168 840 712 493 936 724 331 783 978 308 382 312 111 58 736 637 34 964 155 340 696 401 664 147 530 930 551 468 202 698 162 681 266 976 161 88 706 520 962 915 485 700 672 322 545 373 433 112 602 402 644 659 886 24 891 516 363 431 5 136 787 764 500 337 98 
146 708 190 628 982 786 885 464 160 122 329 619 943 81 43 254 394 377 994 264 222 345 524 968 956 45 609 446 317 620 597 462 132 180 928 790 480 39 148 276 501 105 440 816 200 62 381 577 9 820 169 757 987 821 346 612 121 327 263 177 192 404 567 64 550 123 153 662 756 29 476 384 926 877 7 575 507 795 558 667 214 365 86 481 294 623 538 171 535 506 801 797 383 195 236 
754 184 235 231 492 84 844 89 680 194 876 781 181 421 438 306 740 220 847 98 655 941 93 884 83 541 826 355 448 141 766 663 326 125 638 459 246 594 387 422 80 991 707 763 967 267 673 333 315 819 401 961 942 41 418 351 382 774 744 332 547 101 929 172 726 940 94 893 975 203 701 932 977 437 650 724 120 891 115 666 649 633 992 746 489 626 970 159 454 330 478 443 907 589 134 880 11 430 784 163 828 289 742 145 353 376 301 551 678 251 295 114 984 934 919 310 395 176 712 629 933 399 803 935 899 375 212 
350 957 424 485 718 91 344 225 643 249 199 825 773 164 546 473 789 433 124 836 802 79 288 113 335 627 307 137 435 389 102 993 202 852 989 608 943 320 672 682 916 788 990 191 420 646 377 914 527 642 582 107 68 832 243 976 20 964 959 563 138 622 597 201 270 987 928 586 503 875 677 752 313 175 281 585 530 274 197 538 587 247 578 477 599 39 595 
369 33 336 363 687 10 628 401 397 297 792 449 851 232 181 690 864 970 794 278 660 426 40 35 719 523 301 165 233 581 868 244 373 348 982 159 544 334 122 980 979 633 561 550 353 60 384 893 796 835 637 178 860 568 141 607 215 25 881 360 104 327 724 283 520 708 923 425 123 263 758 667 821 696 447 553 422 626 402 410 182 978 572 192 540 691 623 560 345 862 451 576 136 298 941 61 442 381 625 842 371 648 312 337 200 973 827 198 624 310 983 438 887 556 956 720 514 322 905 760 855 933 461 664 955 805 423 
296 840 180 857 768 411 800 45 693 631 261 418 117 935 942 108 519 199 662 981 254 786 13 329 221 621 251 785 87 186 372 718 984 194 804 994 170 389 382 0 896 151 681 51 739 879 756 764 343 176 797 997 357 459 101 844 344 119 142 350 62 440 162 346 967 
15 637 259 843 281 934 149 324 116 819 601 25 580 277 378 191 947 501 40 993 930 48 371 642 524 579 422 940 463 437 195 622 731 295 155 698 551 889 638 814 419 783 527 626 235 33 880 686 183 710 483 156 623 836 494 201 717 473 43 555 384 397 983 91 595 332 673 925 225 883 586 4 290 813 729 711 493 780 656 396 959 781 75 349 421 216 76 244 222 81 376 289 377 301 31 
358 361 447 530 560 253 948 82 761 299 770 614 394 387 916 202 726 418 965 862 594 315 682 101 839 341 207 296 572 625 687 926 576 970 875 451 933 112 474 148 172 302 427 345 375 891 209 426 667 510 351 907 5 106 706 771 198 69 34 679 180 171 877 696 256 23 652 273 628 84 904 539 411 193 322 443 199 102 415 11 516 979 335 395 618 922 793 440 674 689 309 984 20 103 16 764 333 142 887 633 496 740 294 951 168 36 128 343 543 431 641 665 607 161 
310 971 88 570 796 773 720 809 83 400 678 888 693 182 330 811 468 513 280 146 958 861 235 125 405 830 873 778 589 880 42 98 708 896 122 844 417 7 801 225 104 548 644 459 886 76 45 735 87 258 12 666 959 540 346 748 239 25 691 384 569 282 360 492 987 664 240 631 481 995 820 932 698 194 711 917 93 893 462 756 493 807 914 944 353 524 206 798 461 350 120 366 359 164 336 143 604 662 276 956 321 757 60 709 38 526 620 870 990 477 169 903 430 41 
545 296 320 244 718 231 923 805 993 955 899 878 701 975 323 317 329 983 322 450 123 661 283 643 14 933 156 943 201 313 576 806 586 192 894 551 251 941 926 221 287 575 149 449 447 237 982 188 905 562 834 212 197 203 879 881 533 418 642 970 746 191 342 297 40 24 716 785 561 175 786 95 997 138 849 521 491 876 574 399 587 690 637 502 16 871 516 274 745 
222 861 623 929 577 28 618 969 157 76 988 580 682 789 780 730 266 815 660 711 875 731 90 709 88 193 874 609 948 32 568 10 936 433 883 687 406 528 295 132 494 298 238 223 422 130 717 350 371 710 427 940 787 377 821 235 532 771 91 836 949 842 23 754 573 794 503 678 373 863 909 740 673 400 776 582 236 548 255 225 51 724 258 832 641 707 930 348 288 41 257 218 919 928 704 567 747 614 89 98 648 330 142 43 334 55 387 264 160 33 162 267 183 860 128 817 645 650 20 877 290 978 261 514 167 393 942 121 656 778 
114 895 294 381 312 879 887 420 649 762 624 423 743 182 543 188 774 344 361 485 61 714 310 595 388 493 907 825 481 796 486 315 744 323 873 607 601 653 337 181 732 438 158 402 359 190 147 124 111 354 81 34 77 540 805 768 893 445 24 62 700 965 652 178 674 106 447 686 901 713 410 795 626 546 112 79 697 506 633 205 401 3 421 677 231 200 396 234 777 638 444 800 143 921 706 912 332 913 508 520 17 281 985 922 681 770 516 443 241 986 275 440 712 798 784 980 363 571 672 
977 643 499 285 74 424 809 298 828 221 945 979 702 830 575 794 628 621 346 973 451 555 153 821 330 301 492 462 641 233 891 541 243 360 384 142 163 87 138 289 967 819 803 282 790 934 240 589 270 155 811 719 862 150 680 801 720 175 523 222 376 197 776 125 319 13 415 269 69 864 843 999 382 213 454 701 581 8 
634 516 291 743 488 526 493 496 696 626 519 989 297 625 778 148 926 971 842 556 672 219 807 764 763 235 759 321 365 171 101 295 410 283 389 141 984 874 128 147 256 5 905 956 565 796 444 792 573 767 745 609 122 789 933 844 530 443 919 786 38 307 780 558 941 304 149 591 461 787 201 693 932 308 762 739 729 969 9 514 777 435 595 766 627 781 662 364 920 698 982 351 586 928 740 642 840 327 502 6 754 576 136 665 
121 546 451 599 428 768 247 548 482 975 965 839 674 719 832 45 345 637 106 151 993 156 459 349 480 631 261 732 618 243 88 430 226 110 966 797 312 992 203 352 677 91 195 146 47 773 298 997 296 533 437 486 876 541 294 313 825 879 464 274 109 559 914 257 402 706 692 108 35 419 936 
848 539 629 781 593 94 393 894 24 353 97 532 178 686 351 787 314 735 929 152 368 881 880 95 17 822 64 597 284 522 501 971 757 410 897 875 943 691 418 680 30 607 411 285 422 747 149 731 624 842 427 558 241 985 382 585 538 448 616 756 96 209 79 550 621 32 862 743 871 780 591 320 277 40 762 758 948 9 5 809 988 324 496 708 569 907 426 282 679 194 191 928 760 326 656 332 653 940 639 119 650 700 104 193 12 365 421 270 93 136 744 667 461 507 918 678 740 344 215 626 289 123 192 652 
384 474 438 876 481 75 819 995 399 62 69 8 483 997 291 473 423 920 955 770 42 133 201 376 296 350 706 964 503 529 736 225 105 458 698 657 254 168 954 431 795 773 919 556 517 601 519 98 510 627 182 651 847 89 485 932 167 81 805 695 792 180 572 562 945 726 693 402 55 43 595 204 702 969 39 406 25 771 860 249 984 941 832 396 102 34 542 478 837 33 697 243 887 499 778 388 
842 132 900 873 206 108 953 712 598 963 570 244 449 393 514 411 684 749 121 103 20 790 166 548 589 745 459 772 49 435 197 183 794 673 213 51 933 347 641 200 650 786 212 332 757 377 322 834 29 134 541 267 14 617 851 978 163 781 240 899 209 743 864 297 137 93 199 690 334 65 516 716 61 950 588 653 319 523 567 546 141 1 219 739 23 593 789 642 112 808 74 278 484 348 44 343 104 620 312 190 391 80 
513 317 840 994 288 663 729 948 70 487 768 914 848 90 125 591 521 354 175 33 405 744 130 156 637 149 365 255 120 784 345 368 152 626 656 731 533 389 188 346 599 400 907 719 718 631 373 607 117 692 698 648 232 13 877 908 85 78 31 47 568 699 951 81 181 274 957 280 48 245 550 560 983 638 624 5 236 69 77 218 958 172 563 682 243 930 105 802 586 106 601 344 760 331 309 401 478 420 662 710 327 980 764 421 989 976 618 359 791 893 891 36 925 820 629 95 76 
538 644 200 510 577 799 963 473 62 64 671 787 520 136 800 522 222 382 745 527 0 709 838 445 660 785 815 266 766 194 704 101 381 337 714 871 324 961 576 706 966 497 91 122 713 129 133 281 431 234 501 203 916 975 543 330 423 488 711 171 819 801 672 68 861 920 417 658 666 235 715 780 128 483 541 201 701 941 797 695 
144 930 993 926 638 24 74 94 152 283 700 992 40 835 301 987 693 969 106 237 514 839 807 551 8 505 69 943 569 34 686 396 546 922 842 33 342 921 561 242 406 485 617 57 328 559 192 202 848 462 229 259 832 999 896 108 87 444 876 294 113 540 438 936 150 31 991 680 763 681 351 578 193 591 251 496 749 718 221 93 665 155 127 350 708 23 951 209 515 469 32 180 183 411 366 750 204 933 358 460 899 76 421 608 
934 977 163 477 903 12 464 397 959 13 311 348 244 744 658 443 231 4 356 20 568 282 802 796 68 674 766 225 332 182 607 555 43 375 764 511 880 891 96 652 437 17 91 516 343 624 35 16 392 472 312 623 784 95 984 399 852 213 932 428 986 587 666 873 929 919 691 897 893 747 200 432 483 232 811 327 291 493 447 
373 638 839 48 618 459 864 642 245 538 661 609 88 197 677 849 685 679 521 588 42 539 190 448 785 945 941 595 997 126 149 194 409 266 143 973 667 860 887 506 778 62 1 176 556 522 901 276 112 147 456 335 281 277 653 72 353 836 278 524 673 80 920 657 366 223 296 627 900 573 236 678 393 323 65 928 402 317 840 167 639 541 202 427 142 350 363 320 162 387 485 367 98 718 287 937 848 847 885 513 488 861 
577 712 637 951 303 570 264 307 78 349 984 720 576 5 494 987 914 75 12 809 51 583 38 649 251 994 450 221 198 230 212 163 351 572 783 191 132 435 334 731 760 982 719 980 288 92 935 36 825 526 243 724 94 24 261 815 700 376 874 999 254 153 813 0 793 400 792 876 397 47 249 63 710 852 907 395 
136 358 866 15 919 79 929 239 456 648 514 788 916 509 757 580 795 771 371 138 955 181 936 621 357 886 345 778 990 111 983 628 280 34 634 166 861 373 418 492 800 862 844 691 207 473 7 332 958 141 117 447 698 811 409 408 884 256 225 247 183 231 217 103 84 962 106 89 609 341 151 544 365 422 350 162 387 766 704 975 791 9 82 943 754 171 620 842 530 172 
991 601 28 331 201 395 992 799 257 137 807 448 139 881 632 749 81 8 401 368 570 393 979 973 410 315 951 360 831 112 672 961 160 91 665 739 98 830 236 168 556 539 767 966 582 501 828 643 76 295 899 202 790 883 745 477 113 527 326 848 708 644 35 575 717 472 526 794 631 787 880 430 941 167 682 706 660 278 206 330 520 997 38 803 121 437 31 420 348 402 58 249 399 375 944 519 421 624 585 567 718 12 428 697 109 974 462 
200 897 773 612 786 959 17 0 685 2 123 847 32 987 25 208 583 795 626 879 274 744 508 701 768 215 667 303 216 195 245 494 982 349 317 475 836 261 661 932 480 36 616 741 907 464 690 116 789 788 469 628 264 516 967 587 797 182 597 652 270 75 887 404 45 65 757 125 581 696 246 655 686 337 263 442 975 175 698 700 674 47 122 864 48 389 467 328 80 756 149 801 255 
881 387 443 940 995 825 621 416 891 712 266 846 276 665 95 492 623 718 936 68 892 394 219 595 842 223 672 151 560 518 20 717 287 342 760 719 611 620 928 481 296 695 138 541 874 857 930 204 398 128 682 106 322 713 991 901 510 933 513 376 289 900 493 568 555 339 662 156 69 298 966 132 147 288 589 419 569 4 5 61 377 396 315 188 556 74 758 890 561 330 819 501 976 663 1 87 943 506 875 849 944 248 884 745 438 802 117 251 861 656 780 197 131 76 969 
678 601 104 797 666 954 464 24 25 763 98 835 832 190 167 373 303 987 798 841 946 761 528 877 654 312 497 811 700 327 796 77 607 486 551 851 33 847 726 163 667 596 982 514 895 422 887 707 267 899 732 255 893 994 139 88 462 993 650 384 238 97 113 630 213 382 703 381 119 800 686 716 81 421 198 500 75 997 431 807 631 730 282 234 839 
973 148 976 794 390 587 38 345 693 89 277 926 799 233 681 778 660 637 432 272 102 293 539 712 935 87 430 493 983 161 736 496 710 727 69 746 971 521 103 263 437 991 328 222 393 124 524 786 319 866 978 756 349 398 575 181 995 162 454 540 731 505 399 633 153 706 274 623 301 10 310 94 363 141 83 427 254 3 741 871 571 295 920 522 359 400 177 999 608 449 774 894 482 346 446 990 758 546 35 180 876 16 134 923 979 278 144 231 515 461 668 326 237 
13 190 776 701 241 759 152 953 869 884 802 735 517 985 33 808 508 992 949 970 984 651 79 951 859 877 312 397 360 966 653 318 64 804 932 37 662 908 497 178 422 76 677 574 682 469 962 4 194 473 790 332 41 52 105 996 855 235 916 36 657 39 612 956 375 692 202 423 648 704 176 77 624 221 90 618 350 84 313 789 823 907 494 792 760 445 121 402 830 687 836 
8 454 797 510 368 169 528 420 372 843 641 244 488 288 556 195 315 149 634 88 28 545 97 45 264 873 575 658 513 880 136 915 650 297 879 216 58 400 757 16 137 941 638 38 762 625 396 952 860 171 861 887 974 754 95 294 242 127 964 500 711 157 660 387 236 258 893 573 934 783 568 987 809 277 437 930 581 471 644 885 352 723 917 745 532 316 215 160 17 164 348 678 665 732 524 93 57 609 320 707 217 898 499 800 117 820 642 1 53 436 23 519 901 567 842 
447 666 426 73 766 319 374 735 468 516 332 443 914 945 200 142 764 975 897 943 147 709 60 153 261 175 167 988 276 415 398 929 862 62 726 522 864 26 275 648 799 120 254 953 32 181 983 287 677 111 961 104 295 409 82 80 486 956 381 270 190 29 349 652 27 296 199 520 151 825 538 278 218 643 811 105 807 273 840 395 697 44 307 539 91 257 162 361 459 431 191 994 985 12 477 690 918 951 438 980 487 102 815 681 995 808 122 2 222 480 999 712 965 34 831 126 614 944 
221 284 123 267 739 283 346 984 345 710 328 25 492 294 787 308 832 149 10 877 194 826 744 736 977 992 758 574 922 969 210 729 485 795 819 894 103 794 35 624 323 458 301 926 581 168 920 772 396 379 352 13 20 360 879 658 803 657 785 253 731 747 948 673 970 822 828 110 627 701 524 266 417 662 782 406 734 540 655 631 510 256 649 363 559 176 934 827 541 310 789 146 933 
390 732 4 788 373 809 464 244 259 967 522 277 665 129 759 75 887 548 707 626 91 241 617 108 401 183 462 547 698 366 763 768 155 313 347 329 326 953 516 869 312 608 38 14 884 387 342 451 656 629 375 394 134 943 706 598 773 289 860 686 973 874 147 200 756 167 469 643 82 105 7 243 754 282 563 421 529 74 424 968 121 431 757 784 350 452 550 745 628 430 332 254 711 1 892 474 810 426 206 944 128 119 
716 445 261 193 93 836 578 919 248 770 60 32 488 323 996 678 171 331 288 336 477 222 801 371 819 43 483 697 932 696 647 473 258 641 345 885 311 489 780 420 852 975 642 42 762 255 90 295 587 395 427 976 964 658 576 774 950 989 722 677 16 437 494 192 95 791 341 740 861 65 815 270 219 680 742 739 988 156 687 194 346 348 764 940 377 153 926 898 939 142 481 551 513 875 301 322 573 667 278 132 612 51 251 538 48 320 936 730 317 202 231 704 609 333 88 6 
38 13 14 891 83 756 25 223 113 183 313 290 956 757 503 569 387 501 911 790 384 5 35 449 506 155 460 296 359 849 708 319 788 982 236 862 893 462 146 714 625 596 649 4 973 24 80 264 168 138 650 597 191 225 9 254 707 820 335 693 20 709 96 758 935 28 484 98 327 682 937 61 745 312 731 181 621 485 402 34 
420 967 238 573 928 951 242 522 3 516 336 641 12 76 575 368 835 310 160 276 725 119 970 680 109 648 149 576 744 895 976 399 295 778 379 418 765 120 874 258 233 623 30 492 475 587 345 763 860 698 831 150 410 631 986 40 69 81 241 961 389 655 772 730 992 0 247 89 474 577 918 406 194 464 583 923 629 377 263 54 589 421 257 17 941 797 703 219 645 915 232 871 701 431 811 322 
393 789 914 47 153 809 155 920 335 917 291 848 521 139 759 520 80 61 719 621 901 807 843 323 143 792 975 103 430 515 485 642 528 188 758 444 881 382 591 23 298 63 459 875 70 58 168 753 489 243 248 565 732 98 158 128 897 828 795 167 25 62 317 278 381 419 666 102 994 445 596 919 510 354 607 839 662 728 780 794 343 846 365 944 880 
395 287 637 451 644 171 886 35 199 247 871 11 731 368 537 251 740 657 477 3 334 105 422 631 707 12 726 655 256 258 156 922 294 398 357 540 819 462 645 626 119 984 266 563 297 137 820 321 963 781 175 934 968 786 864 860 569 417 88 925 91 313 544 325 989 122 840 17 836 514 988 274 471 916 698 760 366 38 771 206 951 678 93 201 192 890 420 296 177 756 32 
812 638 554 724 415 581 418 801 64 401 95 930 179 667 413 23 150 772 113 285 744 595 795 74 141 123 65 874 754 347 125 891 530 371 712 713 701 188 198 33 526 672 939 134 735 308 573 60 794 337 431 63 887 432 295 493 138 527 384 273 805 22 117 78 797 0 106 661 322 596 522 331 151 607 809 41 768 349 
47 681 991 637 551 541 20 708 309 30 200 257 880 849 995 915 929 629 720 525 665 571 190 483 9 320 329 81 674 430 160 35 907 104 994 764 184 625 631 970 747 83 844 381 359 782 719 289 785 255 221 787 153 693 697 146 648 538 520 119 698 232 236 999 312 501 112 189 871 136 13 816 375 807 897 886 448 783 172 69 899 443 399 569 437 343 231 350 240 235 17 758 15 507 624 936 368 317 524 796 219 928 462 
180 147 987 249 739 926 272 570 992 169 330 435 319 653 748 132 396 164 506 24 466 583 323 206 142 421 125 171 789 686 485 361 167 387 40 923 510 108 836 840 620 245 308 649 968 883 809 105 486 766 710 509 685 288 610 644 155 109 514 821 94 736 627 162 982 852 471 622 58 423 333 373 14 539 576 163 242 529 496 870 673 516 263 261 313 1 61 574 220 281 578 942 285 771 216 394 395 38 324 711 334 
871 785 129 0 408 515 298 631 815 353 321 64 905 721 195 411 695 658 225 933 422 944 494 483 348 997 8 797 662 35 176 189 881 757 851 199 188 701 929 121 713 149 493 731 62 625 503 634 722 943 254 740 251 194 637 192 312 897 706 925 329 672 12 200 948 104 90 819 3 914 275 139 2 668 606 801 310 34 134 828 667 778 489 555 507 560 20 941 601 652 480 29 816 76 
763 726 626 887 346 394 597 478 510 926 591 609 666 327 742 463 153 780 748 644 351 880 63 813 773 364 101 628 809 428 839 689 535 831 832 492 875 608 376 849 527 296 501 969 181 749 774 986 907 756 418 975 222 341 294 508 247 79 861 569 802 862 843 193 664 241 921 938 461 794 879 836 946 730 538 360 693 270 313 246 67 504 448 330 690 426 805 114 261 519 575 530 651 586 477 750 889 860 784 451 567 42 582 857 911 
225 616 954 197 891 7 893 978 198 332 957 933 739 764 263 202 68 958 578 266 115 231 60 482 681 622 256 82 486 904 55 388 9 562 897 201 158 278 639 499 311 65 536 32 961 496 437 674 731 155 987 712 592 948 95 33 516 242 171 524 974 768 711 798 236 86 438 757 190 972 653 916 81 895 401 304 825 48 69 612 40 707 26 772 607 203 788 785 951 449 800 685 298 365 766 866 377 417 402 51 513 62 806 546 983 965 16 678 945 970 24 740 3 923 826 
411 698 763 541 289 976 626 98 399 591 182 165 857 420 134 192 574 448 641 556 405 936 88 387 629 642 571 47 340 345 485 17 792 473 744 810 966 526 440 910 43 679 229 281 699 708 433 573 748 617 493 221 994 820 795 462 802 
391 417 932 475 809 756 396 726 646 625 736 1 709 138 132 489 681 76 520 310 767 144 700 575 296 568 235 5 719 377 160 38 41 993 718 836 49 516 790 761 146 864 798 153 152 3 483 329 87 4 194 800 321 375 826 254 789 578 366 119 25 609 878 757 912 409 567 460 390 303 215 561 184 771 449 841 863 704 680 597 686 786 199 589 532 577 758 891 439 332 33 368 930 823 569 639 650 23 983 521 893 158 780 106 691 344 381 633 183 811 760 593 481 200 871 576 459 301 616 562 900 847 42 256 75 91 877 665 124 997 923 706 707 598 964 213 794 454 230 269 423 358 307 
750 842 123 431 731 622 274 395 281 711 278 796 197 839 973 940 733 607 527 832 219 580 348 93 167 164 936 778 78 363 270 317 360 447 804 843 849 313 268 772 535 674 259 934 51 857 94 100 494 34 337 987 126 777 438 776 749 522 497 948 876 312 514 304 238 108 660 881 104 225 445 420 933 288 191 652 73 289 697 426 869 128 975 
569 868 717 625 448 914 417 180 715 524 13 442 788 894 418 458 55 838 770 503 626 423 932 122 109 718 742 389 846 81 874 136 624 472 661 929 308 860 89 988 40 708 985 642 698 774 828 125 87 879 326 754 596 677 875 160 725 277 803 24 393 323 553 8 294 4 797 76 799 861 141 863 181 283 381 44 925 249 500 159 244 598 373 485 10 795 112 746 686 887 
886 82 156 388 631 609 106 368 119 563 839 297 813 131 943 175 736 345 650 149 176 352 589 726 16 781 567 225 719 399 235 691 992 337 38 206 662 993 243 748 991 934 402 540 348 510 410 830 920 171 832 84 64 637 644 538 251 897 951 928 350 322 638 471 213 295 47 941 188 387 25 994 36 956 658 789 430 41 120 333 522 397 
742 664 593 223 514 936 977 757 209 627 559 955 876 717 183 316 629 643 857 809 193 91 420 294 700 861 147 965 329 604 801 819 836 427 191 843 891 624 687 999 288 783 499 231 962 595 141 860 112 369 456 543 533 932 487 633 354 95 797 890 767 63 241 160 852 780 334 421 561 261 581 964 785 625 926 706 667 157 568 167 136 264 712 263 508 887 202 5 731 404 79 759 575 474 31 93 423 858 
805 672 697 134 298 197 320 181 907 428 381 760 178 81 32 146 232 422 418 343 23 405 240 867 718 662 807 547 880 528 278 686 236 238 226 277 233 449 276 945 74 864 68 928 24 959 317 587 424 811 784 773 253 443 108 363 205 994 682 660 492 426 648 25 921 666 897 732 623 295 460 546 485 305 493 396 199 815 609 763 110 192 323 308 573 82 156 215 335 782 693 522 653 346 13 469 916 98 943 80 503 582 
116 614 188 440 20 122 270 382 403 487 344 726 745 338 209 456 402 797 258 930 64 257 55 571 825 800 230 695 191 150 200 280 57 714 473 862 312 119 786 770 513 10 781 983 106 657 866 294 350 281 772 562 729 810 259 111 316 744 933 965 289 467 345 592 12 631 157 954 887 984 783 92 105 264 601 876 348 935 591 141 372 548 637 123 861 447 204 891 401 953 245 410 282 898 495 153 988 674 274 840 923 
492 754 881 642 973 659 87 627 626 419 516 488 108 415 895 9 949 667 56 578 343 819 233 229 629 38 544 332 823 901 481 724 171 541 597 474 42 459 183 333 787 514 48 987 740 956 448 16 142 735 355 972 68 2 524 17 991 451 581 777 349 985 430 180 269 149 311 656 296 40 849 499 871 568 3 982 256 506 929 711 771 393 951 303 417 869 436 756 272 334 827 896 424 538 251 975 632 375 886 968 764 44 790 890 576 353 468 246 763 678 879 438 304 697 181 175 710 112 371 288 850 820 146 662 798 359 832 69 195 
556 984 382 873 360 795 846 34 364 993 254 807 560 158 551 762 342 920 191 921 491 643 43 263 941 162 412 297 586 802 123 320 788 377 330 720 243 522 691 589 653 122 126 925 805 887 449 421 363 482 708 202 915 620 761 323 128 880 811 141 425 339 826 199 4 103 596 484 156 730 134 665 936 249 211 679 905 225 483 995 237 994 337 718 444 809 148 117 24 857 462 312 674 529 637 236 745 423 698 919 780 120 270 687 725 907 634 825 217 926 664 231 101 411 652 298 186 327 218 648 193 
740 503 384 569 318 74 165 967 81 198 387 335 813 389 758 51 712 973 527 177 624 176 98 950 894 732 47 153 572 222 776 290 316 373 764 331 192 801 829 418 657 650 136 773 971 883 392 966 396 289 840 540 997 152 308 908 13 617 991 348 501 684 607 932 104 754 295 109 60 477 190 696 278 493 65 313 923 861 368 693 539 63 686 288 545 2 410 836 767 
561 473 406 320 485 666 69 1 94 996 842 221 761 520 514 200 897 548 33 795 162 660 111 700 55 3 427 507 641 634 5 461 972 314 628 806 238 523 762 823 310 365 581 409 591 629 677 414 890 685 600 97 969 108 515 626 830 95 282 158 528 713 710 80 559 788 529 789 12 965 377 270 349 504 446 704 682 143 716 820 242 929 137 45 772 875 862 75 748 119 487 204 983 
959 690 437 251 714 886 345 462 950 149 516 36 934 54 422 956 926 146 539 995 747 964 759 537 811 699 686 963 976 20 27 195 450 91 885 533 229 637 623 176 991 994 74 633 661 843 642 757 364 745 167 877 17 78 231 621 138 53 252 9 893 653 387 706 568 874 519 967 943 578 218 997 866 881 560 191 198 739 291 61 73 445 744 76 609 981 391 510 153 573 669 575 848 
288 860 101 652 179 58 188 847 973 359 245 513 935 184 551 159 965 724 303 715 115 190 283 711 583 989 451 202 719 493 230 38 351 788 339 800 597 503 371 350 232 50 343 261 201 700 891 529 40 801 832 213 197 346 366 456 118 797 672 876 62 439 446 431 79 710 435 841 580 243 289 122 984 460 628 731 45 659 258 752 209 836 32 819 256 212 680 357 95 948 928 635 335 631 572 75 297 501 650 221 988 14 756 112 968 332 790 443 942 589 
781 625 64 183 347 380 246 839 257 939 264 570 87 200 873 506 440 923 754 294 464 896 920 12 114 760 34 982 844 526 733 419 199 418 405 485 39 278 623 840 142 396 692 43 883 160 420 745 581 632 644 969 377 655 105 793 708 539 449 422 113 317 9 162 240 576 740 994 491 933 823 222 783 862 930 400 320 17 794 638 730 
540 679 101 787 792 999 719 496 102 835 724 473 65 940 799 392 624 402 731 676 899 975 38 546 141 94 646 743 641 348 565 233 32 698 843 587 767 483 510 492 274 736 360 825 93 176 6 192 691 5 773 854 266 90 928 55 660 914 945 795 880 296 987 48 355 681 111 643 667 941 796 757 497 209 474 81 247 330 887 194 614 398 430 607 680 22 718 965 156 759 368 780 23 620 238 
770 277 666 570 108 762 188 49 136 682 332 181 35 2 997 951 175 231 905 863 469 923 925 284 543 623 696 372 197 958 468 393 498 572 371 1 717 337 844 628 364 267 288 756 612 383 821 382 308 12 376 82 907 750 24 703 381 964 785 807 74 732 712 747 654 574 225 873 548 10 983 450 662 83 387 221 977 106 761 345 879 3 353 519 488 61 915 969 621 421 250 714 295 820 232 921 864 254 375 596 874 157 648 943 481 578 741 384 530 350 96 78 
576 883 774 373 551 334 343 359 745 55 941 124 871 769 29 270 165 474 486 47 970 587 88 32 138 642 661 57 719 800 695 112 646 652 967 198 43 168 200 94 190 494 51 148 764 176 64 459 399 129 716 760 261 153 789 718 897 916 128 966 752 467 541 79 36 329 535 609 438 877 665 989 815 346 796 862 976 396 781 513 251 636 724 151 736 898 799 516 706 624 891 
710 275 104 167 13 155 417 119 406 206 464 627 759 932 626 171 411 637 956 633 561 731 515 297 180 82 677 20 448 121 645 680 536 664 76 431 936 336 836 644 886 601 808 86 391 713 331 80 418 771 958 914 401 113 707 320 9 574 25 573 288 30 476 763 672 322 195 186 258 172 425 581 917 678 523 283 648 905 768 684 528 492 263 699 404 312 437 212 89 666 194 937 240 159 132 649 90 700 369 473 313 933 679 813 101 887 720 421 625 822 641 420 918 860 232 
95 97 975 141 447 84 310 631 988 161 597 134 281 120 835 692 712 471 181 284 131 440 197 375 54 81 459 775 708 0 809 191 819 139 894 538 48 106 3 70 650 929 87 14 744 156 216 902 244 984 537 160 798 783 795 565 719 12 218 149 326 762 643 983 548 32 772 35 383 663 102 98 222 801 697 787 382 682 364 667 243 786 521 151 323 377 443 608 864 91 42 170 462 62 686 883 163 826 
642 164 514 337 403 575 658 317 224 517 654 278 601 628 41 177 490 842 182 834 481 561 871 226 368 562 398 509 16 726 68 1 247 203 427 583 352 709 563 912 840 307 503 730 5 657 393 47 123 259 516 39 9 36 204 536 282 231 876 994 289 27 78 672 805 390 818 962 539 595 157 25 291 116 523 236 928 445 510 991 892 674 496 550 989 568 624 130 349 195 167 152 849 607 969 360 
656 857 112 459 434 848 915 956 630 822 997 819 553 98 926 982 861 633 520 541 813 745 948 8 178 855 979 17 122 704 783 770 809 698 100 524 294 958 717 740 400 652 348 696 782 951 797 752 487 288 3 693 856 491 627 820 522 147 149 274 215 447 941 159 710 136 515 625 311 430 756 148 69 967 191 438 175 330 440 409 335 376 114 451 2 620 843 13 589 530 560 763 
405 256 464 577 169 754 231 125 283 545 516 887 347 423 475 295 259 435 879 991 58 200 940 82 221 632 842 597 742 792 976 844 686 944 411 79 360 567 990 802 788 22 84 393 596 970 690 10 494 41 999 831 930 389 183 177 24 439 194 353 816 396 399 658 377 153 612 203 109 907 45 885 932 101 562 700 38 807 501 706 662 328 35 860 801 483 267 371 9 261 155 202 23 678 574 962 744 585 563 493 919 637 51 418 263 724 768 60 171 701 526 150 42 86 321 297 478 631 47 
266 447 149 160 289 195 975 93 322 665 561 583 358 595 380 674 484 63 111 450 628 246 89 506 116 425 797 236 929 994 993 841 32 901 412 880 576 937 332 650 905 269 0 264 644 440 864 106 126 25 936 87 88 95 602 798 943 638 186 503 916 420 773 387 601 5 141 666 105 767 138 893 815 158 146 780 134 582 148 346 381 811 982 132 693 874 156 462 123 989 805 761 314 708 866 875 745 477 
321 682 315 230 934 641 441 997 511 79 648 108 556 528 91 471 660 473 956 813 877 122 868 886 313 984 716 113 369 569 13 1 102 274 757 586 125 17 22 732 758 494 973 537 61 544 513 422 486 653 776 587 301 746 226 219 78 541 278 847 326 36 404 172 437 978 573 642 772 837 897 310 449 819 987 100 421 842 492 596 341 523 697 681 4 388 130 12 282 419 76 159 65 368 581 968 928 119 162 702 489 764 188 678 
402 828 749 853 483 365 796 149 406 790 766 439 343 807 696 926 263 522 948 844 950 8 933 141 836 873 18 112 410 672 781 334 560 778 89 281 932 791 601 294 384 629 62 451 787 399 469 945 37 85 472 443 75 405 817 320 739 575 330 748 69 142 740 567 270 184 719 377 501 846 759 762 514 988 20 304 146 918 951 609 150 459 535 235 240 344 348 86 726 611 829 551 176 153 915 350 359 461 131 245 664 376 372 232 607 995 371 783 
322 638 715 317 121 565 417 503 48 327 494 5 569 712 944 401 750 811 801 930 319 94 68 144 97 626 346 24 303 967 33 714 91 656 27 788 896 975 637 724 213 289 203 521 373 582 650 916 849 427 710 9 312 80 885 842 39 4 257 462 897 197 391 194 202 233 991 643 541 697 200 997 515 718 251 335 267 364 580 506 659 663 43 47 474 175 971 923 315 58 670 204 388 692 113 768 393 986 874 738 449 572 550 437 
192 195 599 633 586 323 546 852 493 42 180 809 524 929 236 762 920 706 791 28 223 514 12 492 112 722 282 433 473 308 372 326 287 982 90 854 784 164 296 840 243 841 682 264 339 995 786 219 907 490 45 13 570 662 400 343 795 538 798 667 376 576 332 649 481 321 422 680 601 240 74 95 899 980 665 893 548 266 120 448 55 190 247 421 797 36 108 101 32 513 587 932 51 834 366 990 589 482 862 902 501 138 539 17 2 171 880 396 353 914 143 760 
973 5 198 100 270 803 283 104 605 371 123 331 167 757 153 618 8 69 458 201 994 136 78 970 368 621 253 303 574 550 430 122 581 468 156 947 485 345 807 526 47 634 72 121 556 660 225 648 823 38 404 730 377 919 977 745 
114 80 178 365 851 650 567 894 89 787 717 829 175 409 861 578 930 788 155 79 471 387 637 390 53 940 759 394 420 346 666 192 800 703 186 261 61 497 477 785 332 417 773 438 943 848 551 582 899 879 219 382 505 728 439 706 612 589 171 322 13 488 282 724 55 547 117 891 832 383 240 522 254 967 742 168 327 935 264 633 467 874 266 868 558 506 298 193 45 828 294 259 656 819 715 928 907 887 607 795 783 532 23 611 60 503 297 464 908 321 710 396 443 403 475 103 667 825 341 693 311 410 17 873 628 
836 756 580 257 133 74 570 900 809 167 255 644 246 780 661 274 76 945 303 123 481 375 120 591 106 811 12 247 350 233 545 209 979 709 749 278 682 937 553 984 42 849 925 826 955 929 733 877 576 177 148 251 231 339 904 402 852 858 586 98 674 626 38 796 244 719 373 432 393 803 162 784 163 834 272 687 149 501 152 144 151 369 277 324 442 961 625 976 768 200 125 755 782 973 919 763 565 141 401 956 452 113 538 599 191 411 62 762 25 143 686 772 790 866 344 676 983 897 992 516 521 445 145 624 447 822 127 920 483 27 
987 5 3 181 969 224 45 357 131 236 893 108 767 444 139 95 923 794 982 820 835 88 539 102 667 91 890 317 678 530 577 971 595 171 948 528 561 493 195 377 594 384 332 426 519 707 462 847 132 220 587 799 560 223 56 365 851 730 649 218 97 864 494 930 660 620 329 427 880 666 550 583 398 933 157 883 261 757 860 700 105 165 881 758 563 801 360 104 652 825 204 328 53 270 221 522 242 315 43 69 805 9 136 325 978 263 121 82 697 234 685 39 156 176 943 34 
823 946 596 29 310 681 345 715 641 642 792 795 230 0 130 424 133 645 75 423 953 573 138 740 771 348 264 648 840 819 556 983 112 687 894 124 520 51 74 711 42 496 591 275 896 639 368 973 358 134 212 568 798 235 628 717 399 631 572 975 899 682 483 994 941 81 695 
706 410 873 485 462 401 108 468 337 142 216 887 27 150 929 288 848 986 478 284 977 876 797 113 381 58 754 748 36 907 852 259 499 167 395 593 786 732 76 980 231 22 481 449 359 916 120 48 701 364 400 756 735 928 562 879 323 672 762 886 660 673 539 91 561 544 500 793 638 421 84 623 844 12 640 333 25 136 409 972 338 964 373 764 
279 569 454 696 599 494 883 633 940 560 826 898 759 181 798 567 796 628 571 825 376 1 987 745 487 669 104 119 624 24 625 614 95 821 607 41 396 646 229 532 575 35 39 37 802 430 23 857 521 951 158 101 427 10 319 795 243 612 352 935 501 422 549 877 914 458 984 132 436 822 117 137 148 418 954 40 152 151 976 110 655 815 729 405 709 598 828 443 925 968 631 163 684 597 574 510 317 375 995 222 788 450 68 47 653 505 686 811 509 254 820 936 915 847 565 348 856 406 153 991 62 926 578 528 572 180 674 93 496 190 388 978 341 904 122 438 206 
516 894 448 886 277 377 783 999 164 16 690 617 440 346 251 651 784 255 868 247 589 819 757 716 771 294 456 959 486 929 301 411 225 45 905 644 778 34 801 105 399 329 712 14 989 881 176 993 350 312 306 726 5 861 120 387 339 275 183 698 402 750 761 345 20 276 503 493 53 790 424 627 179 123 310 621 77 270 215 551 102 60 160 546 836 4 710 744 
591 384 297 527 513 642 576 33 423 342 563 89 860 562 175 874 898 681 569 359 441 447 162 787 445 287 112 153 954 349 106 634 753 430 321 718 635 788 997 720 660 893 104 256 540 232 282 571 930 629 84 762 630 258 703 191 678 587 510 807 24 114 883 290 604 22 245 426 469 730 697 536 492 368 198 521 842 740 244 323 141 839 240 481 948 707 626 353 607 661 586 
200 801 43 652 696 918 919 103 797 674 923 944 794 511 236 399 87 247 677 332 55 130 982 523 715 95 767 317 188 38 422 203 449 781 743 149 209 929 502 680 528 914 397 789 617 925 701 201 310 295 111 901 809 763 404 204 977 514 852 213 515 595 560 98 278 745 841 519 451 199 664 760 916 601 13 381 970 270 899 289 714 650 764 421 967 906 951 12 849 221 493 904 926 136 267 522 90 891 235 313 329 148 645 693 691 826 662 224 8 65 74 62 
376 757 932 880 713 653 375 819 401 609 301 772 81 517 361 556 682 294 264 274 440 91 889 371 591 561 113 568 37 805 32 357 409 158 761 35 320 831 796 529 394 730 920 156 400 712 393 573 418 124 771 890 69 768 885 163 257 507 20 17 927 78 30 912 644 427 936 462 23 348 382 368 783 862 857 623 607 192 883 486 
25 554 949 295 871 842 53 359 134 546 261 41 155 3 197 148 47 153 685 576 80 802 711 204 792 175 941 945 28 459 307 602 0 112 451 680 317 471 836 899 797 73 657 524 296 336 120 249 907 334 39 209 103 735 971 117 45 794 830 449 162 423 964 180 839 677 292 530 312 149 108 896 631 719 98 864 60 519 191 887 969 496 
244 548 649 513 477 991 106 111 119 483 762 345 376 752 642 566 152 780 83 363 638 975 138 585 948 89 893 463 539 994 246 591 843 223 781 624 980 281 764 179 146 869 141 984 430 749 102 310 569 648 147 769 717 409 541 411 919 629 879 692 819 754 614 311 786 706 926 840 316 270 393 921 672 798 282 928 499 508 485 771 375 31 248 200 858 346 678 844 756 918 961 772 344 592 995 443 132 787 18 578 5 48 987 221 277 1 447 65 577 866 522 440 929 741 538 278 925 43 121 686 595 621 510 600 974 304 294 157 
377 91 373 337 468 283 364 360 437 421 220 607 979 130 997 461 136 79 831 25 24 999 62 789 560 399 504 395 698 129 396 697 842 700 16 740 826 289 422 530 109 156 815 197 431 524 514 267 113 667 881 230 275 224 8 489 357 631 105 500 37 962 712 935 254 681 655 709 454 78 176 402 219 618 622 445 417 171 235 326 862 36 958 473 933 
150 158 653 104 390 138 888 285 556 41 251 565 747 435 736 420 902 803 956 868 327 710 796 177 438 20 225 101 467 126 943 609 624 829 245 759 926 516 691 885 593 48 637 990 923 348 393 843 65 778 334 925 349 376 951 503 244 538 410 341 767 627 163 482 310 416 209 151 90 569 125 243 14 860 983 98 142 295 358 988 409 643 141 875 811 263 861 520 823 313 897 168 879 597 5 513 993 490 405 984 574 518 26 904 
970 441 464 932 449 621 528 788 963 594 783 222 492 877 724 322 601 29 583 373 0 950 6 732 775 400 693 112 76 914 567 999 198 121 55 289 375 37 78 423 844 188 324 975 717 809 527 587 665 312 274 297 768 203 128 989 45 17 255 281 453 266 614 851 346 332 762 571 63 117 501 122 764 439 563 261 3 399 415 941 568 745 964 422 259 696 794 68 
167 802 295 968 142 132 41 473 431 719 150 623 681 662 861 296 390 642 787 401 631 336 116 427 700 973 345 925 233 695 308 335 459 506 317 680 714 113 61 456 437 172 11 87 219 387 887 418 477 191 955 157 287 770 984 485 103 483 730 143 382 34 916 371 922 344 533 354 469 
25 920 580 32 536 263 136 282 862 698 578 553 89 375 462 80 424 520 592 660 901 24 628 65 685 656 257 945 875 337 784 284 574 567 179 932 74 199 500 43 713 447 151 840 674 405 617 850 678 836 138 56 349 744 173 979 822 432 687 297 310 129 759 223 298 768 160 599 644 301 672 202 38 240 710 90 161 740 62 915 64 893 393 491 756 192 612 891 798 112 941 357 123 121 796 395 788 538 106 95 820 926 360 907 98 707 513 811 146 839 225 93 589 607 373 657 119 51 950 
100 951 128 624 288 930 448 251 167 185 944 277 591 879 269 256 720 83 667 999 108 363 988 732 976 399 646 443 294 540 105 666 652 259 697 31 929 575 13 493 218 22 44 270 653 626 313 418 783 198 758 928 516 790 539 781 993 131 496 421 858 229 450 767 991 649 175 247 587 522 813 869 983 52 142 641 203 148 9 524 544 404 411 400 987 365 220 648 232 735 782 
621 415 287 797 617 230 141 197 901 973 672 510 665 849 857 231 840 156 941 273 826 146 787 48 84 346 718 58 757 789 181 860 581 658 770 795 629 821 609 65 974 752 274 982 729 381 674 556 773 874 864 819 261 903 134 801 420 79 458 881 430 426 320 164 113 345 319 172 809 405 2 994 344 829 331 645 201 843 5 90 831 764 285 711 235 14 73 104 
450 232 409 731 740 932 10 915 825 933 516 192 958 183 361 936 601 639 823 954 575 372 81 827 358 520 585 705 184 521 15 264 631 297 736 3 820 868 23 908 597 720 907 222 147 624 706 681 660 528 180 295 236 890 767 929 20 60 880 103 604 329 449 4 163 792 912 548 69 879 897 13 760 777 569 12 336 638 732 851 394 805 377 756 716 277 213 200 89 850 842 282 745 898 281 234 815 266 0 32 312 663 419 
783 139 422 153 17 63 126 514 7 223 445 429 627 35 448 916 171 291 278 555 62 887 481 248 158 535 11 432 402 389 330 255 191 245 58 214 95 206 289 778 782 367 132 33 796 709 989 61 9 363 181 799 712 433 322 287 176 247 393 561 726 562 426 75 417 852 884 194 713 686 410 926 505 956 527 788 258 141 546 540 474 905 959 836 935 88 198 459 47 494 950 551 807 976 644 108 662 721 
832 601 136 664 927 672 775 724 375 625 129 344 105 969 340 666 826 771 990 482 55 696 276 923 427 660 2 828 519 420 607 860 94 750 43 184 221 522 740 348 501 463 414 405 277 717 951 36 706 774 204 69 127 819 39 160 639 123 624 461 648 503 368 197 288 792 219 28 547 918 135 230 770 143 568 323 984 
180 423 359 907 901 985 930 301 810 464 266 596 34 507 222 914 496 796 890 556 864 937 752 147 198 406 536 317 698 195 874 418 640 787 172 633 171 621 881 10 249 629 652 404 74 154 239 880 814 521 843 967 264 848 217 768 730 396 643 978 182 876 86 312 736 117 437 82 12 212 788 852 574 442 879 780 749 548 933 281 692 889 561 794 489 682 224 822 421 766 756 190 940 524 841 14 515 254 106 377 
589 335 270 977 543 697 973 984 651 929 79 607 719 191 258 529 704 925 917 448 983 919 763 68 790 125 376 337 88 322 905 451 934 997 105 958 956 832 731 267 971 802 60 798 785 519 948 636 243 152 686 122 504 803 175 862 340 235 138 238 700 3 517 903 177 771 181 332 274 457 256 801 715 637 20 962 706 609 936 485 412 842 664 174 861 658 158 886 313 275 677 691 252 699 411 321 102 430 225 522 427 581 614 678 532 402 760 382 62 90 78 361 431 836 869 891 296 568 573 608 696 295 
819 544 563 887 319 536 631 744 55 491 991 169 623 874 447 222 261 987 571 932 732 197 718 742 928 989 128 538 354 548 149 203 83 783 2 964 101 1 237 745 908 64 363 44 220 528 405 576 61 360 915 674 926 778 200 982 593 23 620 796 572 535 317 779 857 943 666 611 478 662 232 147 346 680 124 205 91 
630 717 515 418 596 896 206 687 42 607 513 637 421 348 368 243 875 48 384 289 330 419 258 485 146 310 711 3 545 761 931 35 65 667 805 5 848 329 520 167 562 350 969 840 38 524 81 39 794 393 461 748 427 364 821 890 448 601 121 43 899 846 178 825 245 89 40 764 240 320 399 95 740 394 527 263 288 923 883 270 112 770 25 632 294 653 221 693 108 575 786 860 974 296 945 706 789 181 278 993 231 98 4 287 155 641 253 291 568 295 760 916 322 353 756 
105 612 775 907 655 459 417 471 349 443 521 444 324 820 920 406 142 281 556 713 331 375 32 251 482 730 373 631 759 197 991 567 918 502 609 475 843 866 629 434 249 298 255 215 477 633 464 16 704 371 864 836 122 648 297 796 449 682 891 301 935 345 712 650 561 665 333 256 744 276 941 269 312 156 797 576 936 626 589 972 903 62 547 868 532 194 343 496 171 698 911 
587 109 368 138 184 667 266 93 323 771 117 207 632 634 282 644 585 763 663 485 168 327 1 538 176 811 983 48 807 745 376 735 588 539 159 711 897 933 38 55 628 165 400 85 822 550 381 715 516 136 104 431 422 218 5 912 840 959 660 91 964 332 201 717 506 274 175 101 988 78 60 994 219 928 798 401 148 874 876 415 344 768 69 574 879 973 958 358 81 762 989 503 773 7 180 395 99 49 643 382 202 815 680 596 10 13 369 608 360 488 37 346 
203 982 151 112 492 340 251 546 987 787 586 291 462 785 767 597 448 875 567 907 629 281 731 423 399 65 500 277 345 313 501 477 678 295 905 459 231 473 445 581 514 483 177 437 682 716 766 951 809 257 160 290 930 901 128 832 621 329 707 42 286 156 696 664 783 923 800 955 781 119 125 88 742 641 90 758 861 471 106 609 743 76 936 788 
146 507 381 962 553 697 464 674 493 551 20 142 971 846 51 266 349 748 642 420 780 134 30 620 141 348 975 757 241 167 350 421 575 898 852 221 328 662 377 310 461 150 712 443 186 648 796 430 569 815 334 717 438 206 848 519 273 883 794 790 312 631 123 389 482 132 60 860 820 484 384 840 508 964 331 573 503 862 606 686 43 322 706 677 360 17 819 704 510 739 617 267 827 197 973 
987 526 535 230 638 402 470 254 436 965 163 317 104 111 645 692 634 879 113 501 926 28 431 368 164 82 912 991 89 75 33 400 581 382 756 256 895 180 918 24 546 263 38 742 489 231 401 126 538 147 32 29 886 836 724 93 14 212 16 650 923 329 172 928 803 703 915 475 5 747 308 65 682 529 440 335 619 276 521 74 159 236 875 387 520 288 106 4 966 558 225 95 956 80 932 597 877 63 469 213 423 57 119 713 587 488 789 589 91 78 916 158 270 201 719 608 264 753 45 896 726 88 995 653 701 36 447 950 278 238 576 314 693 191 192 181 102 
518 499 838 294 194 171 101 807 86 601 100 222 714 443 343 492 18 323 399 621 282 627 610 572 776 322 232 763 413 160 121 35 349 20 114 811 815 706 641 313 798 9 643 773 633 624 481 997 377 678 451 718 108 949 943 977 929 880 899 494 3 321 762 588 708 438 941 851 244 122 297 711 79 334 744 973 660 176 432 790 193 914 679 745 989 673 396 487 344 530 199 136 422 514 120 109 274 830 496 834 821 146 754 930 25 710 780 
600 188 95 881 628 154 462 873 717 336 13 876 346 778 104 696 721 65 967 637 412 951 223 32 83 237 919 965 96 982 800 319 609 495 281 352 360 964 657 925 582 417 351 41 994 449 983 90 626 990 209 655 867 746 889 78 74 151 288 284 332 581 839 801 563 560 63 254 996 190 366 326 787 730 270 155 12 934 376 459 167 373 842 506 221 202 890 662 814 105 724 387 645 348 26 895 784 611 123 1 503 296 381 
365 537 950 240 783 124 371 685 212 282 648 634 435 672 94 757 195 794 261 641 471 142 920 568 79 756 928 631 860 823 51 321 708 739 289 179 520 474 378 608 700 764 427 795 539 456 113 863 752 789 461 792 204 353 514 76 2 650 681 862 622 836 492 330 975 206 943 252 987 674 489 643 306 712 569 771 807 452 986 653 153 535 682 701 618 538 106 607 358 638 697 47 251 624 125 
901 177 402 948 923 298 936 266 759 970 126 829 324 30 183 684 519 18 423 175 840 443 714 55 5 327 301 601 430 307 405 914 213 692 541 312 420 591 642 86 48 182 627 772 875 871 736 273 667 270 295 473 165 191 382 43 803 879 425 225 483 637 296 418 788 173 819 894 161 926 995 832 919 709 964 858 941 811 248 323 29 955 786 393 44 146 316 
623 256 717 782 881 417 608 874 778 184 916 162 643 281 629 134 62 877 907 635 138 680 25 376 101 153 34 586 886 539 206 308 68 994 113 97 337 482 181 516 521 345 581 550 14 401 23 149 724 102 522 87 597 157 860 141 297 322 400 933 176 474 967 666 463 673 760 160 976 112 862 587 391 283 438 633 449 446 929 621 111 249 935 359 462 406 491 13 969 235 481 221 930 104 95 527 524 91 583 745 844 665 780 
171 61 218 940 197 589 94 192 294 175 596 571 957 503 120 891 193 508 901 546 42 254 132 693 973 968 350 624 846 324 941 304 27 163 382 532 807 980 776 3 611 79 332 47 926 32 715 515 151 708 353 275 501 638 317 266 852 932 735 655 80 819 261 447 421 767 358 731 55 433 567 849 147 871 158 756 342 232 766 703 69 923 33 712 410 365 319 510 749 829 272 348 674 106 190 956 202 389 384 203 422 
809 35 327 1 748 681 51 93 833 673 951 420 730 496 38 855 797 75 725 742 822 719 12 237 363 851 459 594 251 230 802 63 595 34 907 397 351 91 278 988 86 830 462 631 948 138 790 156 905 994 965 451 191 678 43 269 270 667 401 320 303 539 887 718 562 543 456 971 660 124 109 263 587 274 482 119 943 198 929 152 700 716 20 442 309 975 650 585 180 918 312 238 435 922 167 580 987 758 744 323 404 
315 820 282 933 345 128 836 98 13 382 486 468 906 873 52 885 65 691 788 329 288 638 665 190 919 852 360 427 146 646 786 29 222 864 989 346 184 596 85 101 321 182 104 648 572 240 426 672 792 33 87 600 519 206 991 36 794 112 257 575 689 256 763 764 773 567 136 193 253 945 698 952 570 828 626 969 513 795 324 606 79 296 880 891 78 810 311 483 10 
781 473 984 589 832 27 141 14 5 430 631 629 696 785 381 729 777 295 652 472 277 921 42 916 423 842 569 436 117 264 988 272 710 821 677 791 612 697 318 492 657 920 932 524 3 995 90 443 399 621 53 451 455 562 38 480 456 364 94 151 624 294 813 81 894 361 377 221 339 931 25 762 478 447 299 607 682 898 760 789 236 844 359 583 366 231 663 708 975 418 943 730 91 188 619 48 516 568 402 999 313 706 243 759 469 539 503 780 488 9 320 599 608 163 
930 319 651 809 609 108 462 410 437 926 342 395 756 514 180 164 519 787 520 928 897 936 881 432 895 232 525 351 956 461 1 212 666 538 862 517 550 20 573 438 297 79 533 875 326 293 445 337 156 530 195 846 528 494 555 712 801 123 819 233 499 701 389 32 169 535 807 646 35 500 620 0 491 396 158 805 55 162 376 979 909 591 597 493 879 839 284 251 348 962 105 345 60 
971 993 678 200 91 761 405 843 322 672 113 794 912 175 521 541 581 193 149 539 802 834 172 890 22 793 139 967 414 561 409 7 17 994 556 758 958 427 501 717 24 822 968 766 141 347 693 417 735 894 106 864 857 371 951 965 567 245 121 12 586 65 739 642 194 300 466 880 940 90 341 304 119 825 471 925 298 507 630 114 393 402 904 477 289 
235 820 710 120 117 948 881 978 473 934 213 104 955 142 202 125 403 173 31 353 817 874 103 387 153 178 976 134 365 648 682 238 10 509 895 950 418 160 632 576 783 317 288 89 100 935 459 328 698 272 247 920 674 543 243 152 868 664 346 979 652 406 95 788 932 8 836 548 263 83 295 344 860 633 606 333 744 62 997 240 759 368 587 637 203 423 701 93 915 589 718 277 155 350 708 706 478 450 886 282 757 396 105 763 79 629 686 742 88 41 76 504 388 197 326 634 192 38 745 813 180 
278 360 984 332 251 665 995 415 40 234 329 440 876 778 404 833 236 124 798 336 101 764 294 421 266 864 377 738 519 692 122 206 301 162 513 264 626 427 809 653 255 108 1 969 94 483 97 724 597 989 74 146 292 725 991 983 492 596 493 381 887 283 269 32 975 687 567 496 574 200 526 914 218 582 644 183 254 171 503 944 611 940 941 877 261 578 928 45 348 689 312 891 443 20 237 55 568 287 323 520 284 787 204 
951 102 321 797 447 767 819 620 191 857 449 225 745 416 148 637 522 5 81 47 930 274 900 155 83 384 51 627 147 732 729 850 701 247 987 491 916 548 672 401 758 134 926 852 270 223 796 641 485 801 70 530 697 317 12 794 861 577 89 327 700 875 843 933 789 894 988 890 366 34 132 645 889 839 229 643 784 623 242 337 194 307 554 231 212 746 994 257 594 899 844 573 785 716 693 222 759 114 895 95 26 849 607 842 489 667 
521 136 387 178 873 772 75 393 346 388 811 893 970 803 664 649 314 444 30 411 907 162 289 256 31 48 477 234 925 78 901 795 983 563 310 312 445 269 183 982 580 344 322 106 119 514 966 791 919 575 422 717 22 935 291 869 181 646 228 934 454 382 152 660 418 862 764 90 190 977 712 167 621 281 752 402 297 768 965 891 707 809 571 586 715 881 984 820 570 294 226 113 756 163 698 696 788 807 964 410 206 80 
376 350 962 180 744 8 420 909 253 12 731 202 266 385 760 530 65 188 541 555 283 897 876 169 747 88 175 121 95 348 719 706 278 92 430 139 652 569 519 732 365 993 235 726 68 437 451 459 3 259 120 711 969 315 500 822 9 887 351 629 504 656 695 561 357 730 200 116 149 295 898 296 665 908 556 783 417 38 400 232 700 790 419 691 423 823 320 735 257 287 829 89 496 
654 209 138 815 405 270 883 62 329 648 141 27 639 415 702 221 975 349 813 190 366 811 994 57 314 0 840 461 936 377 1 446 767 805 698 516 573 192 94 663 449 386 399 384 481 857 778 642 104 155 382 55 934 389 696 282 288 372 979 874 771 97 950 228 418 880 955 920 893 312 5 928 777 803 746 825 580 322 212 396 762 957 785 914 181 793 17 740 456 473 225 741 964 773 123 241 545 846 458 69 191 358 236 987 973 943 60 432 206 520 53 
108 623 780 183 136 462 794 716 897 323 620 907 864 693 272 295 23 497 861 836 150 517 990 289 568 14 21 381 547 215 795 550 356 932 120 997 514 243 842 958 667 58 763 522 951 161 25 360 317 601 447 264 598 569 397 401 697 255 969 35 68 790 666 6 662 678 352 158 929 76 310 350 745 4 398 539 335 29 153 102 548 982 505 417 624 575 916 736 519 653 61 887 409 448 40 561 33 20 257 
979 26 330 270 141 757 749 676 288 441 294 609 634 591 222 628 643 204 494 635 831 521 229 797 691 597 503 858 122 461 590 334 891 631 403 586 686 202 648 464 200 431 756 759 607 719 231 826 771 111 13 51 750 786 784 160 871 879 282 32 536 236 930 85 296 501 373 287 890 788 340 880 798 482 440 816 644 193 422 181 940 135 321 400 840 276 277 881 984 815 430 893 555 700 283 70 810 345 612 235 192 
914 574 560 34 901 43 943 973 61 447 251 832 93 620 649 414 178 121 975 568 411 848 658 735 155 919 198 80 695 625 375 371 301 962 519 201 764 183 836 744 226 907 275 841 718 742 971 792 989 267 916 952 471 74 541 567 709 81 956 89 970 452 308 508 698 337 708 73 244 22 313 538 657 295 582 172 706 216 433 263 444 190 147 449 274 758 156 197 164 600 614 361 412 437 377 84 37 532 423 286 710 381 991 167 739 474 968 783 76 627 697 967 359 39 
481 344 622 666 748 249 349 206 633 586 891 151 696 319 65 936 950 982 105 994 980 234 132 516 945 719 983 638 120 662 233 631 32 1 595 854 119 464 158 102 272 360 247 402 900 171 79 495 570 731 98 176 665 766 315 230 660 144 932 380 180 787 473 623 828 368 45 326 91 188 138 317 243 551 134 759 609 807 261 843 181 699 533 125 899 806 41 149 346 77 303 851 682 509 796 493 846 36 
602 510 329 685 744 862 637 565 399 474 304 20 768 419 427 420 397 789 937 591 9 733 649 451 75 270 870 514 263 87 62 852 966 797 952 736 256 550 106 745 117 506 802 153 890 143 88 332 417 528 934 876 197 803 702 928 492 405 389 221 641 311 160 811 55 25 962 440 111 969 488 277 976 60 944 575 823 618 783 467 747 421 235 445 556 56 438 251 17 321 926 
597 257 714 965 51 447 695 253 724 169 422 482 578 351 756 624 365 656 644 432 933 879 43 799 215 658 589 459 819 763 537 607 139 254 371 839 662 543 24 264 834 629 367 213 864 773 61 100 948 580 573 539 83 731 831 561 909 704 401 931 483 732 14 860 887 489 79 285 530 468 231 973 687 717 212 236 400 759 82 700 108 650 758 888 297 
296 0 12 649 206 971 4 467 381 800 40 922 726 156 17 652 565 192 136 188 65 148 813 991 501 391 122 983 785 304 431 176 571 560 626 448 69 691 449 516 458 396 905 178 914 928 798 596 375 621 682 953 643 696 417 60 1 146 89 194 313 134 387 764 943 958 430 861 57 907 780 29 897 666 159 801 48 519 218 911 625 796 327 790 443 197 761 891 478 975 577 42 707 820 710 894 492 
137 692 925 604 969 875 149 437 768 521 585 21 76 595 811 91 772 817 879 940 112 119 557 371 261 266 999 219 950 169 551 494 163 330 956 209 284 750 664 849 570 576 881 125 167 244 343 803 203 278 420 932 618 545 281 930 794 653 633 95 426 754 153 736 36 322 462 349 597 270 102 289 901 113 117 409 936 890 920 884 368 256 893 535 58 160 779 480 221 841 786 821 809 792 923 446 778 766 312 993 514 267 20 880 951 9 406 181 249 587 854 717 353 99 795 415 195 718 
964 351 507 543 257 693 660 548 382 790 637 335 533 31 767 225 966 744 948 318 886 992 171 697 151 295 301 235 629 567 527 329 816 485 897 357 419 623 842 401 858 304 477 908 26 73 606 320 760 2 93 387 648 377 440 672 696 373 183 421 569 108 321 502 178 142 274 346 984 87 997 366 191 399 296 132 574 376 327 783 989 365 895 715 23 641 673 706 797 236 103 546 522 991 843 874 929 575 121 836 
496 393 298 134 459 655 940 829 423 729 104 53 809 200 345 945 822 13 686 587 125 354 312 350 384 896 38 725 787 916 876 368 45 520 383 112 3 389 91 941 445 138 926 4 433 201 538 975 708 147 739 106 700 337 819 5 982 168 263 267 47 773 474 658 677 460 123 410 680 925 164 583 218 22 834 757 922 869 24 
711 95 614 62 561 703 612 973 514 450 409 489 215 875 849 826 794 698 119 9 581 816 933 979 930 840 494 363 847 719 29 492 202 348 595 438 160 934 943 39 693 861 81 786 673 964 898 355 503 313 336 805 287 440 740 376 377 905 633 278 283 120 462 343 155 289 788 504 735 317 901 288 100 240 150 654 430 17 914 75 157 181 529 852 568 620 153 190 778 920 447 332 326 597 477 142 897 391 402 10 624 948 315 754 668 650 109 510 956 707 563 209 789 481 23 684 159 
381 258 815 796 65 680 383 114 692 700 411 988 229 35 238 124 631 987 801 953 619 249 423 304 902 219 98 76 886 701 516 712 400 501 301 40 649 851 810 176 621 439 222 151 589 777 344 243 800 556 496 682 495 20 681 195 14 534 868 758 281 519 926 784 787 592 88 111 25 295 916 90 562 275 548 574 102 282 991 397 403 
31 43 989 483 372 73 327 785 353 948 976 225 277 718 966 750 112 607 375 55 890 158 648 524 819 588 44 13 907 573 973 29 436 664 245 81 759 581 684 360 560 852 389 958 639 236 745 627 131 762 212 642 669 811 541 687 223 440 123 69 507 879 248 445 861 182 48 242 982 38 431 662 269 768 183 204 625 278 152 934 797 736 147 752 264 167 652 181 575 142 474 177 296 203 999 136 565 221 51 529 323 53 89 941 
346 780 480 197 587 528 968 546 27 696 5 427 986 4 881 324 190 977 951 515 451 991 873 399 653 257 418 821 666 36 918 871 449 580 447 35 194 618 247 122 348 384 597 235 929 987 839 58 562 297 691 726 933 743 926 263 350 148 365 47 464 927 41 875 710 289 730 903 994 980 984 493 518 754 623 570 310 318 76 513 178 170 251 312 842 377 405 527 156 783 802 757 571 411 34 214 75 717 656 32 316 719 188 
883 393 908 520 267 285 589 595 732 700 862 790 171 12 212 576 586 789 922 819 117 485 33 308 351 231 55 223 631 132 294 682 22 543 540 481 975 98 254 773 767 857 638 119 376 70 56 768 409 785 488 574 800 916 904 113 607 315 894 363 711 487 79 276 44 420 758 225 430 777 809 209 761 91 817 499 337 230 971 764 372 20 724 8 591 495 343 
86 129 425 13 942 879 177 213 382 596 897 991 380 23 226 778 563 104 456 803 797 141 61 811 501 275 431 320 76 312 914 948 188 251 256 218 45 887 623 100 122 473 198 35 263 997 222 62 138 575 120 546 943 348 783 64 725 707 296 832 278 51 780 80 81 437 175 124 672 934 560 930 920 151 270 974 572 399 578 843 82 893 794 112 753 624 41 650 418 861 696 840 967 766 712 958 78 860 157 873 432 103 249 830 642 849 787 907 928 66 43 500 440 745 795 836 472 924 483 736 
25 976 665 477 950 651 586 789 895 698 595 819 626 851 323 313 565 42 235 55 351 820 637 318 20 608 492 841 962 435 799 682 123 282 670 661 567 204 24 655 762 763 993 556 63 190 341 261 460 216 756 601 757 388 717 391 384 594 142 202 441 311 375 693 195 714 815 194 39 11 614 346 14 199 32 716 839 576 739 923 983 350 826 445 744 121 462 330 317 539 493 719 125 106 27 200 
432 52 176 524 589 69 494 75 516 336 787 447 686 497 551 419 706 971 945 543 515 742 33 58 796 167 294 343 530 692 454 881 365 401 3 660 281 630 521 942 778 822 307 304 633 458 561 471 486 377 886 659 427 264 193 255 328 544 677 98 752 116 969 948 68 513 143 918 335 180 662 944 95 60 791 83 674 570 597 583 773 925 396 850 91 514 74 4 766 
623 965 77 402 351 914 936 192 983 171 344 88 500 148 693 731 443 644 757 8 959 153 673 548 93 691 738 698 431 990 481 701 53 710 977 136 291 284 485 106 22 297 89 381 480 935 438 809 834 795 0 47 112 768 433 680 352 298 545 821 398 293 376 358 784 360 28 421 631 394 887 933 156 267 522 181 991 982 527 609 152 786 393 76 221 697 538 825 191 477 753 928 115 101 67 345 627 810 329 410 399 805 811 943 986 
323 759 813 357 214 778 681 325 42 903 519 149 980 803 64 951 897 820 660 350 32 20 257 756 895 389 493 353 620 7 860 648 524 326 968 237 430 269 142 932 637 700 771 311 836 920 937 712 665 940 108 819 607 133 575 184 225 758 513 677 303 595 664 420 232 686 679 315 591 369 704 23 244 678 263 309 55 375 48 929 201 841 295 973 917 409 891 487 790 456 802 953 418 785 405 296 121 958 879 58 880 844 764 747 96 
971 690 111 606 597 719 632 231 136 744 452 275 754 634 643 876 984 230 715 642 890 168 371 623 804 245 986 398 301 965 84 935 447 331 467 1 382 718 740 573 141 35 916 90 762 609 901 122 831 947 527 567 62 396 556 93 923 83 596 562 243 109 687 484 962 297 602 696 266 373 51 105 907 261 12 94 206 38 789 
581 443 32 888 320 306 842 216 666 829 520 469 346 283 811 195 236 41 232 702 69 308 17 88 862 785 987 864 691 891 919 80 425 763 836 510 766 572 464 28 288 493 251 492 644 22 932 650 119 445 898 9 786 959 322 653 494 209 74 539 665 774 389 132 65 198 399 343 897 294 270 200 976 278 34 514 264 565 313 501 787 899 102 569 276 424 978 809 521 926 336 167 397 57 680 25 578 458 914 381 936 194 
382 607 433 314 961 400 474 717 72 693 685 697 86 79 420 822 571 678 477 690 499 481 760 832 783 692 767 714 973 116 546 849 742 701 485 439 748 268 686 142 861 851 47 797 629 676 295 171 707 461 530 570 213 186 608 817 104 244 962 934 156 437 183 168 796 956 487 886 329 745 85 188 93 448 231 758 45 970 757 593 348 265 368 951 813 128 417 315 989 730 52 412 834 583 597 332 794 421 992 274 303 90 352 410 81 384 820 672 0 191 4 330 621 462 799 795 612 48 941 657 33 771 350 449 563 176 111 296 696 988 146 24 235 628 652 247 
565 982 567 84 377 317 335 376 282 89 8 743 312 959 413 516 642 940 406 136 726 703 790 279 424 881 267 575 788 710 907 298 91 478 578 432 713 430 399 450 55 634 984 327 98 631 975 620 643 125 427 32 486 219 319 381 153 401 666 254 943 234 556 443 801 423 586 12 422 320 999 459 261 
396 138 20 31 14 735 193 895 623 546 664 204 188 180 438 969 340 588 582 758 852 202 105 682 896 674 874 981 550 247 732 151 451 197 905 462 221 837 326 528 101 249 719 436 908 829 308 374 945 880 146 559 235 64 358 316 392 897 289 988 569 18 76 325 994 165 772 677 232 446 37 176 576 522 693 351 83 696 473 840 160 36 551 762 658 825 113 346 887 304 199 17 819 192 236 126 700 183 65 641 452 410 60 
997 282 577 39 248 948 621 311 662 277 141 366 112 51 276 45 189 402 539 425 871 744 80 834 842 288 666 132 370 796 9 936 780 203 291 830 794 702 928 873 313 29 934 573 100 965 941 368 350 973 251 776 102 680 200 638 213 963 754 365 624 378 142 774 756 657 809 472 90 714 920 253 592 240 53 357 944 233 399 607 181 786 486 568 919 803 
35 119 635 430 33 939 330 320 505 851 697 38 877 191 364 496 752 932 772 136 269 601 653 698 897 990 569 401 864 692 661 137 8 64 104 387 443 46 899 113 376 312 411 763 999 13 297 987 152 87 821 930 5 108 778 741 766 514 678 596 663 970 109 89 307 686 858 419 848 6 802 522 63 377 106 360 933 716 61 47 520 201 256 643 762 843 556 524 
122 199 494 399 895 345 4 750 80 597 830 55 202 651 568 831 573 886 546 696 394 915 794 359 351 887 967 978 711 561 195 409 719 801 950 432 243 991 731 20 237 440 48 879 523 12 162 646 438 100 805 860 329 554 23 880 620 945 533 599 612 648 251 418 586 681 229 90 679 375 423 519 335 85 156 373 499 644 221 492 790 135 810 548 654 789 178 374 378 487 295 25 607 231 170 503 433 984 247 629 521 235 756 24 668 650 544 660 825 206 707 526 485 572 576 317 164 95 764 631 444 771 150 121 811 637 52 140 469 294 348 516 421 298 93 287 410 687 881 437 
430 672 236 726 192 980 784 893 393 500 621 827 460 160 574 434 68 427 225 735 795 890 357 565 232 79 894 238 263 309 56 406 578 797 634 180 680 157 997 874 959 922 916 420 527 320 197 828 37 265 261 441 638 384 706 969 158 539 200 91 17 979 117 308 215 955 809 322 132 282 836 81 161 628 
272 945 254 188 191 719 637 281 930 122 409 447 459 433 119 451 155 793 844 714 820 462 45 365 744 389 934 360 800 832 787 753 522 58 84 540 440 40 560 840 515 29 796 175 190 312 142 693 740 589 204 0 703 514 361 673 377 270 569 275 657 252 652 24 991 984 595 89 501 700 792 329 62 273 835 1 74 485 8 126 575 181 32 910 908 897 392 834 41 3 530 739 944 43 785 617 570 346 400 169 456 711 496 864 20 891 64 731 839 148 156 444 951 373 626 438 194 470 288 
323 709 923 989 646 193 581 46 339 266 871 417 26 949 983 78 13 729 643 345 505 4 267 907 892 378 635 987 401 80 335 708 333 222 183 353 203 234 767 585 384 555 513 851 870 406 368 879 404 327 379 105 651 905 371 783 848 586 697 349 745 461 381 995 863 691 969 841 5 411 974 432 546 82 293 862 576 18 521 291 410 235 696 33 402 366 939 527 231 990 278 
578 471 624 209 422 583 460 710 797 574 467 35 369 9 975 580 25 800 202 941 936 607 748 427 443 780 69 966 773 962 717 629 195 916 296 669 623 357 565 973 700 997 894 915 389 561 152 568 849 766 175 790 541 32 359 238 660 249 536 350 836 621 539 106 407 95 229 930 311 877 703 60 735 771 986 776 976 718 929 474 449 807 747 625 42 365 506 994 535 638 596 251 701 264 289 423 540 781 252 641 788 874 988 
834 956 38 354 489 134 948 481 706 693 136 848 89 678 53 880 268 864 206 899 203 141 712 353 744 682 846 317 720 433 805 839 180 130 488 665 920 925 524 303 778 322 383 200 420 462 319 62 644 451 346 183 784 113 608 372 982 500 815 861 487 567 516 387 234 680 272 764 297 711 149 538 759 503 39 869 478 327 677 330 76 34 313 555 740 162 787 871 550 719 881 589 803 352 515 171 345 901 653 709 409 754 955 860 275 77 492 795 967 809 991 243 191 347 520 984 612 918 945 242 393 121 494 650 24 123 315 768 983 41 796 789 730 863 450 
221 962 194 613 526 627 756 381 642 182 831 360 65 536 445 985 125 3 791 810 111 801 86 506 900 757 195 496 820 153 732 15 399 760 992 832 351 301 167 248 435 951 247 190 807 584 573 798 91 126 146 281 377 973 396 672 254 199 686 312 132 416 797 782 916 894 169 575 376 571 204 724 220 20 156 160 726 842 225 928 964 816 656 601 522 718 198 401 904 493 
343 147 197 877 236 839 762 780 467 332 621 213 368 693 152 539 123 788 758 436 731 651 914 430 990 819 203 120 748 513 35 473 119 891 631 93 219 358 61 811 667 29 418 826 941 172 703 282 371 980 808 681 770 519 499 287 645 660 691 488 327 323 157 51 122 576 431 507 857 851 234 64 717 422 34 257 827 437 426 979 113 531 
81 726 766 886 768 200 678 873 195 423 787 900 864 109 582 828 578 266 2 148 861 421 572 353 102 381 595 696 7 121 803 485 237 562 112 346 977 638 876 391 830 307 567 570 983 1 101 223 526 194 241 263 899 278 451 709 997 31 201 215 801 181 133 809 149 805 440 907 274 641 985 209 852 574 530 393 417 169 477 
637 125 892 771 618 45 956 916 332 89 396 515 653 976 969 153 862 330 119 193 256 893 182 269 171 178 710 536 294 69 222 62 836 792 68 357 281 336 296 493 793 38 86 657 363 387 718 729 407 700 689 411 522 652 964 402 295 667 644 132 5 176 639 373 560 249 316 920 665 380 65 839 155 273 297 691 229 117 303 933 910 524 774 76 136 561 239 285 905 625 627 40 958 16 461 141 335 812 871 422 130 757 932 674 760 276 27 974 935 108 672 74 948 183 881 865 514 481 377 123 313 167 277 270 17 740 788 438 601 13 754 773 720 475 614 75 655 127 825 245 382 80 
420 51 842 758 607 934 310 810 280 999 677 595 883 88 443 351 648 815 762 702 844 233 384 251 568 124 366 142 95 347 60 589 238 399 759 860 977 623 398 199 596 261 629 20 573 194 221 15 114 0 897 55 431 621 437 224 979 622 530 719 375 975 82 681 626 991 257 820 304 891 288 360 520 181 609 52 576 106 322 708 163 992 968 235 3 651 267 401 642 334 516 451 794 789 128 41 686 899 137 
943 569 219 188 104 90 925 997 538 834 313 309 348 639 839 42 792 714 996 317 488 579 202 470 53 27 982 296 550 222 191 190 801 439 876 180 404 712 175 43 880 178 556 882 802 852 346 522 680 189 983 941 572 432 496 674 637 780 709 730 459 989 393 874 84 231 225 602 645 936 56 45 350 206 798 22 263 282 503 449 967 987 744 450 30 652 593 783 926 980 427 164 430 583 597 606 964 330 283 528 781 735 879 438 
446 575 919 452 411 34 60 156 342 764 716 240 24 78 69 396 793 423 102 435 351 41 523 285 491 945 893 918 135 218 10 421 536 561 758 707 726 595 570 715 842 462 807 803 626 58 31 601 574 258 33 700 875 232 284 521 310 916 308 44 101 711 139 134 615 836 937 97 14 881 160 136 158 249 400 195 641 662 183 368 785 720 223 731 580 664 623 114 686 822 247 395 539 969 259 494 437 796 585 303 826 181 447 376 
560 698 643 681 203 778 53 334 32 325 620 860 119 527 244 958 788 483 658 665 885 846 75 584 710 609 169 801 493 89 739 74 917 540 147 251 517 634 929 266 797 417 138 371 809 8 366 586 179 123 923 748 630 433 270 73 297 113 345 783 11 746 889 289 587 994 98 459 36 840 638 815 701 79 771 213 901 16 5 389 687 200 257 870 887 312 51 38 
682 37 841 237 760 821 155 971 419 315 583 88 234 625 770 2 307 277 81 661 926 458 832 39 629 301 132 121 351 951 108 964 501 969 382 914 235 175 104 348 768 879 955 0 103 17 233 956 662 256 763 596 35 786 313 450 742 810 836 697 41 604 405 565 524 85 25 580 811 20 633 706 886 328 649 343 232 988 128 112 105 149 283 462 197 372 787 724 601 756 469 281 263 61 365 13 468 45 864 569 171 983 209 686 581 715 97 223 12 471 707 624 538 735 612 4 
423 589 680 729 839 720 516 917 336 120 928 849 764 920 796 861 80 199 717 404 420 546 900 880 785 206 358 148 522 730 653 163 421 846 597 773 700 645 62 696 426 944 28 153 805 578 876 40 713 322 138 427 641 87 991 967 183 623 528 652 178 443 384 162 152 236 295 869 980 387 377 644 677 795 381 550 244 514 
126 792 147 485 433 811 762 821 203 229 571 538 783 744 794 63 246 841 956 3 799 157 994 370 539 874 56 682 507 184 726 409 401 798 365 850 6 190 731 361 217 477 231 122 790 643 948 396 828 53 440 343 394 499 12 826 607 435 368 149 565 819 681 402 276 317 294 81 758 261 35 954 570 38 907 158 92 865 540 400 695 330 287 192 633 278 577 697 964 646 274 345 194 844 556 419 55 489 992 569 943 815 408 410 256 474 936 959 288 
78 484 984 628 928 17 609 464 852 759 60 388 800 754 978 488 270 143 999 312 560 990 831 832 770 810 344 686 123 46 649 455 901 535 586 304 14 328 91 634 108 797 621 711 568 153 801 451 117 221 877 254 120 933 61 121 858 848 987 213 851 469 807 428 588 232 768 784 919 510 332 119 281 195 349 8 977 881 313 559 804 897 183 466 105 774 932 358 51 329 315 106 926 939 951 524 772 728 251 473 642 862 513 307 519 103 896 79 624 494 318 876 308 233 788 462 
659 440 45 94 802 672 80 522 975 351 636 274 789 503 389 805 365 720 976 138 20 209 758 1 682 352 803 381 973 444 698 423 811 295 830 421 261 618 239 716 767 197 885 516 655 785 97 993 757 420 834 481 935 406 376 857 402 842 719 509 630 982 638 541 739 136 42 994 69 180 90 112 735 783 283 887 459 350 967 303 85 327 330 142 693 575 679 113 966 392 438 674 243 273 665 710 849 648 487 16 
148 780 192 637 886 397 538 583 108 809 527 610 880 919 335 128 701 37 14 331 899 12 401 322 415 81 493 893 104 74 897 771 346 137 526 756 825 139 491 956 546 627 301 41 520 926 315 446 360 969 92 979 405 73 997 445 815 473 661 790 934 122 359 673 373 36 607 286 709 846 584 692 609 43 47 597 891 987 782 171 289 702 513 613 152 514 25 313 623 744 176 191 923 215 792 399 601 786 146 132 141 318 101 695 589 356 
109 188 750 323 980 677 382 730 27 221 691 758 126 183 908 20 569 617 816 767 586 726 799 556 813 80 689 941 667 167 948 682 703 83 295 764 745 296 839 94 873 728 731 53 393 973 706 124 348 665 444 951 936 69 836 218 377 111 257 89 762 503 992 496 55 326 920 33 595 991 642 358 44 51 32 678 943 181 819 594 700 561 229 38 119 319 
388 983 433 375 281 112 312 155 7 8 575 984 997 637 567 231 42 928 935 164 626 519 645 276 431 139 440 261 717 577 527 373 802 996 732 74 149 576 418 35 233 719 88 216 225 437 206 85 138 294 716 189 310 459 106 256 914 151 171 492 966 551 890 711 401 427 788 662 445 198 194 790 879 169 266 419 964 34 573 360 5 596 707 180 693 48 87 410 237 923 897 976 447 811 481 424 796 288 95 494 883 560 887 36 926 774 317 546 493 132 896 120 501 462 597 60 103 930 160 277 852 530 795 283 
222 521 920 452 257 624 420 308 712 737 574 891 415 249 224 975 409 985 748 391 156 282 402 680 326 113 797 480 244 32 754 147 541 76 392 714 756 766 889 364 695 667 332 640 841 710 801 468 343 23 430 570 973 307 184 589 421 491 839 334 840 472 773 515 142 270 313 875 744 962 202 263 543 524 422 609 832 175 697 
478 895 677 359 86 387 805 771 314 641 134 844 718 678 112 29 200 243 578 989 8 569 809 176 96 116 451 834 289 254 335 516 348 321 432 17 757 807 828 162 213 301 778 877 79 815 752 550 16 933 91 884 936 968 319 136 384 401 323 368 638 607 404 93 588 449 428 554 448 599 423 735 761 25 97 232 538 583 730 857 215 123 759 919 629 561 102 169 105 273 438 652 
363 792 405 567 712 241 229 970 233 23 849 572 742 350 13 290 523 586 126 473 259 210 132 396 158 601 539 249 322 929 443 157 33 483 339 494 183 514 699 747 653 965 221 181 24 682 346 555 469 630 739 458 30 785 843 69 811 976 485 382 274 55 897 784 522 860 563 103 36 855 980 945 9 956 646 551 570 223 664 666 642 559 261 994 276 92 88 762 244 281 923 510 468 197 768 631 717 622 787 10 724 780 
518 136 638 793 193 444 153 770 165 256 7 795 992 83 308 602 53 247 319 73 80 852 78 673 121 124 575 134 307 577 141 726 200 1 394 826 550 242 862 117 503 167 983 997 156 788 620 216 8 887 874 270 609 20 597 752 587 907 758 881 840 97 251 448 873 936 296 123 578 916 681 146 754 204 297 800 506 327 706 139 995 283 138 361 356 395 607 387 393 474 417 400 111 192 91 740 108 51 805 757 644 731 624 632 935 725 529 105 357 236 794 332 540 979 191 44 34 933 245 362 865 172 783 326 803 402 
428 337 162 255 445 330 541 653 163 857 106 323 104 55 439 858 869 782 556 221 707 806 58 967 87 232 95 30 249 451 880 79 691 229 301 662 438 45 763 388 352 582 507 745 67 486 513 612 119 919 554 345 735 199 14 488 285 823 61 885 120 152 377 181 240 116 43 621 231 291 797 155 568 89 686 708 481 693 894 789 637 606 176 246 371 198 42 473 194 744 914 440 927 963 298 905 315 717 982 35 943 26 225 418 920 289 190 
786 864 956 813 521 710 76 663 623 74 239 113 62 794 955 649 805 31 701 776 405 358 842 437 950 641 941 184 158 546 332 78 676 310 209 44 370 38 948 632 692 492 874 349 288 10 801 852 681 414 18 770 485 861 317 167 730 278 772 222 373 969 849 807 907 929 876 756 595 75 326 601 251 
191 253 281 276 873 420 758 483 505 28 138 677 991 964 994 502 766 17 29 57 651 820 160 440 589 32 519 527 320 796 45 39 570 296 699 997 381 951 763 587 790 975 482 494 788 91 458 567 887 729 216 368 195 816 330 862 82 533 697 970 217 205 55 678 23 877 270 12 172 179 375 180 151 693 829 146 130 132 213 992 233 178 351 69 48 258 789 322 141 236 976 846 673 376 235 119 704 880 295 224 740 103 895 966 757 744 186 81 274 399 698 674 47 134 920 204 898 645 932 739 106 973 43 764 298 725 486 254 642 387 283 80 154 
244 574 74 792 706 933 526 799 891 352 838 335 228 477 6 277 641 624 597 168 499 485 623 714 956 24 319 700 607 538 267 418 562 353 959 88 794 187 695 14 201 836 582 65 443 492 360 643 289 3 121 87 718 712 795 601 571 153 926 202 206 805 430 666 768 282 851 943 506 426 
294 893 79 95 701 240 25 576 288 251 382 390 414 852 820 266 105 907 123 449 11 358 760 86 204 436 785 194 156 716 832 12 720 723 815 89 109 308 257 742 951 433 51 129 551 245 650 763 733 987 667 950 363 609 660 936 98 313 410 901 587 676 707 874 276 589 120 503 354 744 648 200 181 43 735 138 715 447 401 520 681 124 905 182 724 941 431 13 988 469 827 438 896 773 533 108 897 778 396 563 225 977 259 920 857 93 141 527 199 861 393 223 36 20 887 831 693 786 841 
767 617 759 202 198 296 725 568 679 530 908 821 539 995 928 825 101 192 432 508 121 748 494 747 731 215 381 69 158 33 237 557 295 784 122 596 274 161 477 522 975 162 595 902 244 948 183 703 991 81 914 38 104 420 462 5 565 320 103 349 326 849 75 776 628 719 544 894 74 317 351 749 7 501 4 134 323 819 
983 272 1 324 156 567 448 712 435 447 907 667 941 794 811 247 840 384 368 17 916 885 219 32 780 997 985 890 513 925 760 251 514 562 359 376 644 222 756 309 388 964 969 510 493 489 772 810 663 382 438 329 298 200 968 117 744 973 919 861 813 550 506 358 570 785 943 167 729 610 657 999 424 8 264 727 717 798 365 402 607 708 124 881 524 740 47 343 176 932 112 80 105 188 451 288 543 29 516 289 820 190 521 951 163 783 839 620 24 
335 585 322 638 408 834 334 528 395 520 980 809 653 517 336 439 399 381 548 363 471 79 4 674 76 984 69 195 286 109 703 119 987 790 944 540 267 153 283 862 976 263 634 673 120 788 593 622 526 240 933 171 728 929 900 665 148 626 758 745 680 940 561 724 294 893 789 437 757 796 992 815 767 206 937 377 73 462 13 843 609 9 474 642 710 39 459 629 497 504 803 281 682 287 787 726 404 994 
546 102 456 633 749 718 104 635 931 0 708 280 935 132 846 538 826 219 213 494 572 594 750 235 928 272 503 125 783 346 645 959 926 941 198 64 772 573 781 554 795 676 36 12 562 156 138 731 973 91 861 35 679 84 596 417 350 16 10 400 672 332 231 38 582 545 147 249 401 134 149 443 384 194 681 382 20 619 698 389 801 405 623 315 88 590 766 419 261 686 887 327 202 397 551 101 371 907 193 777 209 270 822 962 200 687 735 610 999 575 106 129 
376 82 836 563 427 970 599 142 802 464 230 191 62 47 421 328 42 739 505 852 832 491 707 958 771 891 583 550 733 948 97 68 90 920 493 488 329 40 678 604 517 711 406 759 650 31 813 431 489 807 7 247 930 349 756 92 703 237 128 877 556 89 522 3 595 597 780 23 268 850 825 622 821 798 297 291 581 430 897 394 240 945 51 519 995 358 786 437 141 116 952 197 
808 503 264 949 433 625 155 643 32 764 462 854 41 868 292 858 218 819 261 935 172 732 298 475 831 717 546 840 330 360 860 648 933 202 199 919 203 239 43 121 312 221 731 749 14 411 666 122 393 939 934 181 809 967 815 940 12 696 651 223 313 961 607 423 976 25 9 278 918 797 375 310 710 259 510 117 796 449 351 861 811 962 317 225 682 231 576 698 674 526 857 982 229 161 800 778 589 980 
970 204 418 545 56 64 530 233 573 527 785 286 136 328 532 111 171 714 665 540 746 701 524 454 748 907 971 65 869 417 497 241 390 623 88 848 213 820 318 113 742 236 672 795 554 62 156 912 521 629 437 95 397 348 382 61 377 581 326 420 445 395 513 51 307 889 631 499 94 990 451 153 158 578 242 459 541 415 844 167 119 494 964 842 562 84 704 373 586 
652 744 277 983 430 30 957 583 473 864 813 768 466 781 256 364 231 949 757 104 206 467 251 880 941 739 98 977 806 526 939 567 801 982 89 297 452 247 308 132 565 184 840 538 868 539 115 493 944 432 846 317 501 5 991 487 123 11 621 657 987 323 780 249 33 836 802 969 805 994 624 48 322 81 891 638 91 106 561 200 266 108 858 715 134 389 756 650 1 363 324 595 929 587 112 612 254 596 481 
93 165 60 879 667 168 967 73 361 875 760 933 486 235 535 932 24 897 774 337 281 252 182 449 172 961 374 874 980 750 310 294 788 261 974 313 45 815 862 962 679 160 35 350 191 183 503 642 433 856 330 438 443 943 124 545 142 474 828 178 653 365 895 560 482 785 371 919 832 507 682 332 674 735 698 263 216 419 997 886 975 427 180 926 644 696 568 282 591 764 881 995 76 894 796 162 952 56 666 79 
701 648 473 270 418 206 163 17 280 988 711 102 719 887 979 783 278 771 714 393 802 70 49 576 203 864 624 631 629 4 202 652 307 621 396 74 951 242 460 538 706 209 914 200 16 550 440 570 720 871 795 12 977 400 784 852 936 663 364 233 769 908 394 87 488 430 249 813 794 643 742 
781 82 426 388 53 236 444 337 801 459 139 491 152 180 750 796 359 160 657 32 360 665 610 284 710 366 303 581 345 9 677 438 175 825 288 686 318 609 13 141 349 151 190 607 691 504 142 735 681 275 760 408 57 774 958 320 0 115 516 846 277 987 636 989 597 263 857 204 976 157 585 667 91 935 494 940 153 101 674 449 799 95 546 90 745 436 731 928 100 355 235 758 975 730 154 634 191 181 823 20 62 497 172 726 704 496 78 601 638 382 295 880 117 666 251 969 679 313 467 294 104 399 64 194 
441 682 662 149 543 578 713 339 861 352 188 567 637 51 36 33 30 831 461 420 206 746 974 802 826 312 948 410 351 203 697 422 652 572 522 678 6 893 322 111 574 55 24 256 48 798 176 744 939 770 490 655 707 499 699 582 289 718 571 258 487 712 234 832 348 120 384 836 972 501 789 925 460 664 216 617 550 122 347 951 10 756 930 381 2 633 326 685 786 724 272 538 899 123 327 224 376 844 192 539 834 346 568 200 102 544 771 380 7 406 464 513 
104 79 520 894 690 805 762 96 245 332 920 401 967 674 776 916 53 330 69 321 958 138 45 709 970 121 740 335 47 729 800 752 698 116 634 281 850 811 207 430 409 349 907 988 261 759 964 787 725 944 644 299 767 719 891 41 379 672 363 387 528 585 297 788 296 517 423 703 708 277 37 625 642 469 840 88 136 388 556 673 471 873 973 12 516 666 876 656 42 477 510 247 526 253 819 492 194 
424 912 537 275 842 9 567 82 720 266 404 55 189 188 80 295 302 623 91 715 501 929 204 111 109 595 23 784 953 692 697 887 712 437 360 997 550 783 792 934 231 473 89 167 237 864 877 459 191 566 426 955 377 810 957 941 609 702 980 76 2 846 881 182 447 684 586 989 883 786 691 276 561 637 181 773 106 945 127 323 415 797 293 710 763 535 155 243 102 919 
907 431 906 60 358 735 780 962 662 974 891 505 940 660 104 704 538 124 97 345 36 852 897 949 47 739 652 390 995 264 251 592 503 573 499 999 320 287 708 61 813 757 88 658 90 695 462 809 626 681 436 396 562 232 805 541 112 259 847 142 933 411 79 332 70 443 32 664 607 98 766 696 527 81 878 982 329 890 860 575 764 908 240 17 971 589 724 43 317 
76 524 454 650 25 795 368 109 983 246 979 425 457 943 254 366 481 892 939 578 313 452 258 991 926 119 519 68 494 136 274 63 840 956 567 266 243 201 430 419 40 147 631 717 382 975 289 91 987 362 121 820 618 235 459 954 325 874 101 698 916 932 941 432 237 986 789 195 677 623 108 171 914 638 322 139 879 427 342 507 682 282 
152 852 104 406 123 890 402 930 936 870 156 759 732 308 84 128 787 287 810 738 288 236 321 310 261 5 544 312 527 839 596 100 311 253 295 70 79 582 968 252 399 958 440 475 700 994 984 643 595 719 964 270 550 897 32 730 0 200 591 62 935 93 329 298 652 198 612 808 886 393 780 576 192 456 344 836 418 571 421 757 12 642 64 178 565 346 202 35 970 562 844 875 193 215 921 113 44 803 961 969 105 770 783 625 117 639 537 435 815 
570 317 332 691 785 167 221 880 950 774 983 997 627 526 377 898 328 545 69 846 282 121 112 644 481 811 134 33 514 251 951 98 516 130 708 464 926 697 160 712 460 928 558 504 425 917 348 784 190 829 795 952 939 422 383 301 766 768 731 274 601 918 864 175 68 991 962 862 680 459 216 492 327 567 663 743 677 891 410 945 620 740 350 494 622 78 801 277 330 232 439 259 887 203 788 597 119 
326 681 480 762 101 626 750 225 122 319 508 132 399 325 141 685 342 309 430 218 443 648 819 941 334 146 849 763 858 905 672 535 401 767 908 85 257 704 25 541 764 728 92 595 234 213 171 772 81 716 427 30 125 506 381 546 183 43 177 973 932 104 817 219 628 876 123 289 200 51 895 163 771 13 557 735 838 109 268 365 423 143 967 181 649 191 503 206 323 79 229 437 164 89 201 744 621 395 533 
139 147 790 877 538 666 485 17 389 827 965 48 288 90 700 920 414 322 631 629 520 978 870 327 431 710 294 55 436 519 205 198 561 462 997 641 638 469 813 644 360 787 138 907 861 663 384 515 880 203 923 497 738 612 188 934 131 956 955 975 706 650 803 473 559 20 589 500 444 254 692 724 758 84 377 296 375 91 757 796 197 115 264 826 105 501 669 69 732 451 328 202 341 432 235 528 914 420 445 
805 852 862 14 682 175 743 291 108 841 765 134 795 401 112 979 970 194 404 828 12 357 278 368 768 711 565 88 963 994 209 276 783 297 266 665 256 37 74 677 969 543 263 933 580 513 417 141 822 991 847 160 30 891 836 686 788 330 674 720 329 38 930 726 387 423 832 440 78 167 780 999 966 875 376 1 717 95 53 32 496 551 421 371 916 578 36 157 840 129 359 524 102 791 164 928 760 571 679 809 887 925 
270 92 503 169 626 222 597 9 620 591 132 623 984 180 539 744 79 149 918 223 298 233 339 323 656 586 178 481 251 732 773 238 587 789 884 561 901 621 735 550 488 461 450 544 695 236 463 474 811 137 883 953 800 121 839 190 556 8 200 919 62 712 707 215 235 874 653 127 400 491 834 119 742 798 519 534 422 704 437 569 182 42 673 608 584 430 43 879 348 873 971 40 344 527 247 483 
553 296 795 76 36 136 976 394 576 618 23 607 754 809 662 384 4 691 25 857 254 393 652 820 537 194 583 225 473 438 75 112 660 899 682 304 785 445 409 231 425 39 454 65 763 396 183 148 447 60 357 934 142 359 467 493 997 863 97 655 680 677 120 989 575 289 740 322 991 644 943 0 389 451 908 78 478 482 706 133 825 801 95 103 862 320 886 502 637 987 936 313 516 958 326 61 77 894 514 281 492 980 650 696 462 
402 994 630 243 923 815 368 708 151 377 860 12 693 17 55 405 764 387 719 707 757 349 716 593 420 710 580 343 184 288 581 526 513 117 571 406 13 520 33 90 411 932 819 783 235 661 868 700 449 309 51 330 904 193 746 353 35 768 344 351 633 284 711 890 68 229 499 267 48 280 756 718 875 969 277 111 893 422 709 333 951 91 294 342 285 601 852 528 918 975 999 427 41 5 240 399 983 312 805 642 30 970 205 496 786 104 
966 505 763 459 73 382 80 926 595 278 272 16 209 519 706 632 295 682 231 365 409 767 270 839 771 43 1 401 141 172 684 88 195 698 410 965 849 317 303 780 287 348 301 802 282 886 404 9 58 596 232 762 530 665 631 891 787 222 776 561 735 213 978 523 204 62 928 443 933 956 697 672 574 202 20 238 224 215 323 929 789 695 307 678 
296 652 326 916 315 142 825 97 873 820 397 40 887 122 266 578 973 254 156 772 108 344 943 191 312 38 193 421 182 153 45 778 390 418 719 288 829 798 139 879 662 731 190 994 496 836 936 237 59 392 774 180 308 593 388 760 39 434 184 22 988 949 539 393 183 813 746 221 255 894 524 147 276 89 377 458 149 931 861 920 740 107 162 506 686 422 359 135 330 786 667 197 462 961 911 565 424 832 492 
634 648 977 660 231 623 891 394 402 105 294 788 12 982 311 76 714 80 507 121 567 787 876 437 409 136 969 160 382 485 186 995 907 112 360 235 106 744 167 144 729 371 985 200 874 980 488 794 748 962 594 822 13 797 806 261 134 243 499 461 572 365 366 681 716 79 789 932 25 758 897 589 757 137 152 414 695 178 698 766 682 501 940 71 263 948 809 663 123 967 389 209 919 277 481 712 773 27 
905 171 329 894 17 153 125 781 825 548 860 495 320 644 934 35 384 344 278 965 520 143 746 8 406 990 726 400 102 697 887 88 678 293 245 431 75 428 312 890 381 62 700 124 861 993 473 36 367 857 974 672 451 655 994 55 297 680 879 568 68 1 637 23 719 74 439 628 621 612 430 64 198 9 104 658 992 24 904 296 595 417 47 651 592 928 852 801 868 197 662 181 715 244 810 639 771 410 908 538 799 343 234 440 759 513 254 627 522 718 317 955 472 230 730 0 710 817 502 510 803 334 364 795 32 706 203 163 285 267 51 219 443 997 
282 739 464 298 183 108 48 251 401 60 119 326 415 870 98 958 212 425 427 288 350 101 225 985 800 880 690 923 756 836 811 467 241 609 414 914 667 652 546 504 649 469 920 984 41 929 172 843 223 345 846 873 886 964 91 232 308 745 360 202 747 831 77 
714 359 99 103 200 337 839 858 783 42 840 353 371 162 390 506 421 966 624 456 494 744 968 975 106 35 69 930 625 786 742 495 201 940 111 198 983 138 240 131 933 833 621 890 899 648 785 944 774 168 563 696 194 919 422 275 216 713 556 93 389 23 291 776 815 404 732 480 222 948 86 784 608 400 901 788 823 809 316 861 363 519 221 33 879 208 967 388 576 574 541 448 977 309 130 123 789 802 573 
62 763 735 510 270 38 98 740 473 626 432 706 905 674 561 141 731 570 274 333 991 180 548 805 136 317 504 454 792 665 376 862 698 485 897 410 638 327 219 682 94 92 234 266 771 739 649 646 381 507 607 426 264 444 63 75 231 499 849 53 261 164 396 908 871 767 267 121 418 825 438 48 516 423 876 807 241 601 58 727 206 907 482 440 864 680 857 437 803 43 575 707 80 318 536 820 358 9 725 526 664 283 543 244 760 673 25 384 
929 813 546 122 973 120 61 514 288 923 171 982 764 708 284 282 277 366 377 677 411 834 401 817 848 76 997 832 778 718 780 759 252 303 344 936 193 41 251 513 928 892 496 60 447 629 912 431 109 65 940 934 152 24 719 481 79 726 167 112 104 236 602 419 474 360 781 916 389 787 334 352 37 697 350 884 965 758 666 296 375 896 184 307 5 402 29 681 704 520 595 238 757 743 712 794 620 273 420 893 294 875 295 799 678 501 846 597 801 233 146 400 656 589 522 449 987 
84 436 660 301 209 662 417 438 255 958 567 868 976 763 160 278 100 800 676 540 330 35 451 4 321 106 932 347 587 796 899 951 693 128 200 88 624 753 541 823 633 272 177 178 427 142 819 313 105 312 221 80 325 232 841 308 519 926 348 699 874 329 43 261 527 405 74 393 399 119 788 99 409 159 323 593 310 966 994 183 635 141 686 783 9 14 643 489 992 95 478 483 64 332 188 586 792 
496 179 494 641 471 322 964 798 707 120 987 861 341 27 191 650 89 887 213 871 820 970 109 63 411 358 634 151 786 680 198 891 62 975 698 601 715 202 439 886 86 283 890 432 270 625 623 997 161 190 316 155 522 990 199 176 521 801 480 860 726 969 373 143 298 713 807 254 756 638 203 706 797 789 369 905 919 
263 682 101 223 168 637 523 343 877 652 193 449 344 134 3 506 183 648 835 320 560 382 448 985 851 366 809 295 240 660 546 315 653 172 345 57 423 920 879 655 303 991 903 945 56 23 507 47 75 739 893 666 642 718 34 864 33 167 503 574 462 580 181 787 402 365 91 119 451 175 589 53 215 828 363 136 630 665 575 
482 986 243 563 308 942 943 923 905 312 940 771 38 63 820 878 371 846 573 222 731 763 178 973 332 58 69 477 0 219 328 947 926 481 105 397 721 778 346 418 401 94 362 681 83 220 89 485 141 994 623 228 625 235 186 396 513 701 840 32 811 25 274 17 975 983 359 915 633 907 406 138 236 519 221 79 353 460 901 742 562 294 112 
427 762 642 432 876 10 261 678 507 664 629 889 522 727 568 587 146 36 970 62 886 35 282 88 132 609 473 181 350 997 232 7 744 423 60 589 270 374 437 887 247 847 863 672 160 535 136 585 267 159 348 958 577 12 149 658 567 329 281 419 297 501 516 745 231 735 451 
839 783 643 389 895 831 593 648 277 586 63 526 178 527 807 251 163 540 9 574 436 113 561 162 199 916 488 794 530 371 862 628 365 368 720 291 142 156 948 809 799 740 65 225 714 890 236 206 200 570 846 815 86 897 351 653 691 660 40 634 939 621 969 996 288 430 109 404 492 51 874 81 197 1 644 651 976 936 153 80 421 792 546 190 851 31 810 399 117 866 104 932 975 499 180 106 696 204 739 61 796 700 420 23 956 
558 773 617 514 155 422 806 891 223 967 42 108 398 584 195 323 360 825 121 578 244 880 330 995 283 213 401 337 88 836 317 954 708 32 964 925 919 409 313 945 685 410 576 382 597 79 395 123 280 377 375 270 440 45 786 471 167 519 423 369 607 999 595 612 125 985 198 215 83 4 710 11 14 768 76 263 62 811 674 28 940 72 682 445 501 359 152 335 772 381 274 295 997 813 47 951 297 477 489 697 661 638 771 759 124 181 17 591 757 711 169 758 766 20 667 97 520 0 
730 943 294 904 593 841 33 480 742 936 64 27 624 787 629 236 862 989 764 698 75 481 541 243 194 43 527 289 861 797 846 939 538 74 191 868 117 389 171 496 454 837 7 428 795 983 664 254 935 115 132 130 581 493 642 650 417 86 451 13 137 411 586 709 819 930 777 678 256 153 449 345 686 467 319 747 639 460 994 516 462 378 662 216 175 252 802 886 390 933 735 525 690 404 756 881 134 801 329 402 828 870 371 990 691 98 
206 418 269 609 459 23 786 877 452 836 864 522 928 991 119 16 61 677 139 745 160 313 907 360 774 488 372 905 706 90 713 497 572 3 503 571 982 890 932 914 628 810 648 352 152 225 91 317 438 813 245 222 707 48 215 744 955 784 183 223 921 426 920 
37 221 823 419 266 627 13 760 420 444 519 637 763 309 389 485 40 278 287 193 243 632 589 768 771 138 796 201 17 672 934 244 977 212 799 825 969 770 297 261 891 984 915 629 35 89 897 957 789 88 597 879 633 943 147 735 104 563 101 951 929 399 9 289 916 136 141 451 7 994 128 624 548 742 538 665 831 992 695 500 178 561 726 595 337 762 667 772 258 298 896 95 387 513 408 83 100 68 501 520 910 840 541 307 477 718 343 158 25 358 397 69 759 200 972 708 958 116 120 643 
412 108 180 80 380 452 899 369 327 810 887 704 335 202 941 41 621 323 526 432 493 171 847 575 908 798 94 807 93 522 587 783 844 264 251 277 291 320 390 176 249 607 471 488 213 757 988 294 973 142 235 795 890 440 936 225 152 979 524 231 868 660 109 693 126 460 464 546 506 976 256 625 121 720 188 296 51 997 712 435 700 841 950 533 900 288 424 240 377 527 756 787 183 197 
398 426 567 447 161 572 20 286 106 303 420 280 736 45 485 48 670 833 382 274 476 982 129 715 191 964 122 315 861 349 864 792 935 980 75 602 282 346 898 416 901 707 553 719 242 74 940 477 351 269 550 975 198 347 91 514 735 363 876 593 389 40 190 333 111 501 944 650 828 38 69 295 971 258 561 839 732 596 731 966 193 112 427 4 983 636 17 24 319 43 328 263 160 779 330 537 820 626 
920 968 560 167 733 851 807 638 201 700 357 781 12 907 338 117 153 918 404 461 637 800 424 524 332 137 676 587 410 257 642 171 483 445 660 98 83 329 672 157 368 86 136 218 67 101 680 643 202 418 34 510 815 657 825 543 51 84 846 411 55 195 350 819 994 339 568 502 209 421 709 506 5 444 540 677 388 283 860 752 229 32 266 802 102 520 932 623 439 759 
914 546 534 879 92 559 401 997 231 49 503 500 873 322 313 431 669 261 662 746 666 897 764 199 784 720 988 321 717 653 538 74 212 877 786 24 768 405 287 976 984 631 179 240 177 437 109 93 142 193 530 701 395 1 358 149 126 930 712 141 749 35 79 198 353 726 259 983 678 575 760 243 182 162 978 152 967 303 284 544 842 469 699 449 822 527 324 641 706 345 277 221 156 169 629 64 493 393 925 886 264 184 780 281 400 522 715 4 333 686 45 606 900 609 
857 222 892 753 164 556 296 442 664 113 98 729 76 830 987 790 771 561 587 792 985 569 56 420 454 651 943 119 977 251 880 539 710 642 598 335 501 634 274 851 815 475 190 514 541 36 979 551 225 75 673 53 43 62 844 69 384 327 223 865 740 467 948 807 263 766 485 290 244 691 480 232 711 905 436 120 650 970 754 
269 995 897 936 633 719 883 344 718 864 788 698 988 793 134 798 88 944 968 994 801 879 725 961 13 421 261 177 601 622 887 809 409 997 969 201 297 827 803 81 875 117 494 595 254 357 504 621 440 173 132 623 477 964 121 821 920 240 831 586 84 233 41 152 709 728 802 652 287 724 176 334 153 16 310 406 180 133 410 916 389 192 907 256 746 155 588 842 483 0 375 44 676 745 819 764 596 1 270 937 971 981 980 945 756 933 663 61 848 302 919 33 
332 956 790 204 786 156 900 826 25 127 459 915 123 387 857 456 873 966 618 681 634 840 188 735 282 38 20 35 295 79 392 32 955 894 743 150 778 570 512 716 112 315 637 206 733 418 294 296 129 562 435 9 653 501 472 576 792 744 769 747 708 288 874 91 45 993 167 56 990 399 313 350 642 303 492 703 794 939 789 43 255 804 138 701 569 820 430 104 329 932 624 780 
327 589 190 771 846 706 477 466 281 799 620 426 545 940 328 423 377 488 388 47 251 117 757 447 515 764 113 244 914 887 763 666 235 272 514 3 85 893 471 236 402 317 396 964 720 700 304 335 575 535 549 420 929 320 674 393 696 484 638 621 132 736 970 160 822 14 493 274 105 680 142 178 422 574 368 855 419 987 907 785 141 830 111 109 509 988 343 969 443 783 811 891 631 12 380 241 62 573 266 587 916 473 337 222 159 516 754 231 494 
594 198 871 464 797 202 917 496 358 795 481 106 900 538 975 98 879 459 40 724 983 421 537 39 561 809 831 772 740 944 999 950 76 136 104 919 176 212 507 316 931 116 825 843 798 213 681 431 158 24 707 409 679 750 861 576 586 918 786 102 997 773 928 759 682 45 881 943 389 550 936 762 323 607 726 712 119 796 84 315 348 877 980 17 701 836 956 183 437 384 403 23 75 125 766 641 667 157 180 844 551 526 858 522 221 430 597 93 277 89 469 482 169 357 108 433 690 568 780 665 
718 756 748 976 984 247 789 312 122 471 432 973 935 933 530 38 774 664 296 804 929 295 447 768 242 146 153 920 274 828 400 648 672 746 569 255 147 601 852 237 278 517 519 730 545 711 886 541 862 882 860 90 94 68 69 794 1 581 375 524 203 884 33 427 994 200 930 113 46 117 666 121 822 177 245 513 991 839 874 492 706 41 82 29 566 55 420 263 969 987 678 620 201 823 907 249 225 111 352 9 864 261 731 373 449 649 
587 411 435 236 932 742 663 625 80 944 151 695 251 807 438 382 288 270 162 591 176 483 322 943 190 811 644 467 91 975 418 401 448 152 609 350 478 696 770 938 138 493 197 149 417 988 346 778 595 409 74 832 520 783 693 561 333 740 939 64 577 515 766 662 393 192 
785 427 679 459 287 506 969 991 253 886 466 96 569 637 719 119 940 759 194 349 806 63 456 650 167 235 5 142 964 237 153 126 20 857 481 565 399 583 514 433 677 983 398 725 157 129 558 87 638 724 24 573 665 191 887 443 440 464 101 82 626 274 171 112 381 712 38 94 682 232 330 198 709 745 674 846 849 42 987 
313 89 551 519 861 923 223 768 462 199 471 513 496 915 925 744 474 819 317 877 618 797 105 65 710 335 414 871 451 122 336 132 17 98 617 757 968 794 624 589 703 858 327 200 743 767 787 731 789 92 707 807 183 421 504 375 905 273 811 125 352 958 686 717 40 641 294 538 492 128 904 908 701 428 406 708 190 761 437 548 951 747 816 143 546 944 955 73 329 929 543 781 365 409 314 805 311 396 259 839 809 91 405 780 203 791 659 608 298 358 387 263 383 653 516 735 267 800 732 192 497 591 582 337 956 376 518 79 763 285 248 344 411 477 204 296 813 301 663 289 12 982 698 760 720 28 803 357 240 321 368 277 264 
219 62 893 350 20 80 58 832 230 153 718 270 165 278 38 1 254 141 14 820 501 975 485 51 664 857 48 218 489 255 10 581 815 652 178 195 288 124 607 292 527 410 499 933 493 61 42 932 964 523 9 649 180 750 353 986 989 225 874 706 94 536 287 106 36 785 213 948 697 430 795 681 95 172 261 440 320 836 629 351 928 121 439 748 152 
644 825 707 520 18 567 530 89 544 508 796 561 78 642 264 887 826 704 983 862 194 191 816 113 672 773 901 203 298 794 980 912 729 521 202 926 762 623 840 522 420 69 657 381 144 21 916 701 327 33 92 830 760 183 251 966 539 488 473 589 79 590 29 397 24 582 232 53 438 673 925 209 399 382 692 987 388 894 609 109 391 965 221 662 875 677 396 74 394 943 759 240 316 81 822 891 22 907 641 653 171 105 401 334 726 123 358 621 758 281 695 
595 447 757 460 827 411 350 505 576 156 527 43 665 198 930 269 660 864 237 514 445 215 568 197 423 444 744 322 204 40 541 788 667 14 819 256 301 294 608 617 155 637 45 5 458 974 955 427 897 282 986 950 315 700 443 551 876 104 596 790 994 200 494 880 446 631 648 276 655 570 88 421 422 236 881 102 360 283 506 259 348 686 742 624 524 125 376 808 834 190 720 295 68 706 263 823 337 
149 168 497 495 93 97 932 929 143 76 480 712 459 0 418 278 973 838 332 500 36 368 485 626 323 678 464 556 726 908 281 923 430 255 60 169 310 420 501 167 152 711 919 849 42 51 172 34 537 222 16 126 990 371 689 389 267 4 635 25 61 928 482 74 607 620 567 730 625 438 718 160 641 17 940 119 
400 815 251 760 249 231 99 903 493 175 666 772 32 748 969 297 296 956 609 637 574 123 561 575 901 862 653 890 621 680 997 643 650 62 40 373 301 527 958 492 481 841 785 243 861 679 557 489 349 864 419 176 762 516 550 983 975 35 478 188 358 136 277 894 125 1 263 223 346 230 506 664 177 256 140 443 2 209 519 877 134 409 234 719 768 116 366 701 731 317 362 633 759 773 891 200 13 329 691 657 343 846 48 448 108 629 945 273 936 55 793 589 410 308 142 437 191 219 539 232 319 944 699 907 270 914 521 522 581 797 781 879 802 330 
153 558 156 987 530 514 843 860 926 805 485 601 404 203 104 809 739 105 548 811 303 780 289 756 880 24 278 593 421 923 80 652 796 645 16 112 389 638 662 236 709 979 282 899 851 144 274 982 360 920 840 454 871 98 895 505 742 754 195 822 723 693 38 713 725 235 163 523 501 938 345 
394 141 686 930 629 990 772 254 801 336 842 51 43 644 858 573 861 506 631 827 569 63 283 879 970 199 940 679 815 874 168 697 95 660 788 81 623 84 722 17 691 61 462 430 819 886 795 960 887 708 193 148 192 830 767 988 975 460 351 323 240 423 477 610 25 587 556 989 36 496 719 85 160 176 42 357 617 595 167 648 396 628 298 200 433 
916 732 796 449 939 578 296 517 284 377 735 851 277 929 45 849 537 88 447 464 724 773 64 448 898 823 655 567 322 516 756 132 420 436 736 295 696 105 320 664 797 387 625 335 70 365 136 585 905 658 607 703 143 405 666 639 125 932 266 134 672 630 204 451 138 928 622 317 278 255 108 313 276 908 376 475 20 368 881 707 717 478 994 956 471 312 653 634 328 349 231 221 201 288 782 294 820 962 662 209 941 381 745 540 263 800 384 790 115 
748 459 934 678 124 855 821 733 783 918 893 897 270 4 940 682 32 60 79 152 637 485 795 210 336 819 462 539 513 487 47 726 810 546 9 933 308 69 91 77 740 337 437 742 360 789 519 514 720 798 200 663 659 297 55 122 456 968 222 830 193 520 422 293 454 854 794 493 538 435 237 300 220 171 53 329 190 76 969 631 439 768 120 
61 840 431 98 282 460 409 780 162 709 167 880 834 712 745 101 811 400 669 324 771 442 87 724 402 518 233 243 195 231 989 157 932 313 860 697 628 420 132 322 991 106 27 997 826 109 436 992 756 147 13 488 649 399 618 563 251 489 752 239 113 175 935 822 692 622 543 103 551 578 346 25 411 289 254 730 206 710 540 163 902 417 497 330 43 257 662 743 832 522 35 264 773 693 274 964 5 920 591 477 78 762 706 281 247 345 660 40 887 807 948 708 176 198 
